fill	group	level	x	y	piece
#55B1F7	1	0.2	0.128099173553719	0.645207655416715	1
#55B1F7	1	0.2	0.126357939658194	0.651515151515152	1
#55B1F7	1	0.2	0.124355260061002	0.660697887970615	1
#55B1F7	1	0.2	0.122859556126942	0.669880624426079	1
#55B1F7	1	0.2	0.121807111255492	0.679063360881543	1
#55B1F7	1	0.2	0.121143448688608	0.688246097337006	1
#55B1F7	1	0.2	0.120822432612383	0.69742883379247	1
#55B1F7	1	0.2	0.120806253127669	0.706611570247934	1
#55B1F7	1	0.2	0.121066007216375	0.715794306703398	1
#55B1F7	1	0.2	0.121582626177527	0.724977043158861	1
#55B1F7	1	0.2	0.122347964721096	0.734159779614325	1
#55B1F7	1	0.2	0.123365954277543	0.743342516069789	1
#55B1F7	1	0.2	0.124653822626314	0.752525252525253	1
#55B1F7	1	0.2	0.126243481609202	0.761707988980716	1
#55B1F7	1	0.2	0.128099173553719	0.770508768934583	1
#55B1F7	1	0.2	0.128166185719653	0.77089072543618	1
#55B1F7	1	0.2	0.130048158883899	0.780073461891644	1
#55B1F7	1	0.2	0.132342281102261	0.789256198347108	1
#55B1F7	1	0.2	0.135142848187295	0.798438934802571	1
#55B1F7	1	0.2	0.137281910009183	0.804353312285754	1
#55B1F7	1	0.2	0.138338916185175	0.807621671258035	1
#55B1F7	1	0.2	0.141798706863654	0.816804407713499	1
#55B1F7	1	0.2	0.14607576320996	0.825987144168962	1
#55B1F7	1	0.2	0.146464646464646	0.826740315120333	1
#55B1F7	1	0.2	0.150605273565492	0.835169880624426	1
#55B1F7	1	0.2	0.15564738292011	0.843575391468839	1
#55B1F7	1	0.2	0.156107658861332	0.84435261707989	1
#55B1F7	1	0.2	0.162137030908885	0.853535353535353	1
#55B1F7	1	0.2	0.164830119375574	0.857135021692084	1
#55B1F7	1	0.2	0.169160798047932	0.862718089990818	1
#55B1F7	1	0.2	0.174012855831038	0.868351336407815	1
#55B1F7	1	0.2	0.177302532212949	0.871900826446281	1
#55B1F7	1	0.2	0.183195592286501	0.877847830943852	1
#55B1F7	1	0.2	0.186776793054872	0.881083562901745	1
#55B1F7	1	0.2	0.192378328741965	0.885997393513719	1
#55B1F7	1	0.2	0.198020783809431	0.890266299357209	1
#55B1F7	1	0.2	0.201561065197429	0.892963639971856	1
#55B1F7	1	0.2	0.210743801652893	0.898853359872231	1
#55B1F7	1	0.2	0.211845243112331	0.899449035812672	1
#55B1F7	1	0.2	0.219926538108356	0.904095332742273	1
#55B1F7	1	0.2	0.22910927456382	0.908179603595991	1
#55B1F7	1	0.2	0.230388710719054	0.908631772268136	1
#55B1F7	1	0.2	0.238292011019284	0.91175993885648	1
#55B1F7	1	0.2	0.247474747474747	0.914404454619484	1
#55B1F7	1	0.2	0.256657483930211	0.91615716219786	1
#55B1F7	1	0.2	0.265840220385675	0.917102058530135	1
#55B1F7	1	0.2	0.275022956841139	0.917281661719435	1
#55B1F7	1	0.2	0.284205693296602	0.916702395540411	1
#55B1F7	1	0.2	0.293388429752066	0.915337306351784	1
#55B1F7	1	0.2	0.30257116620753	0.913126758585398	1
#55B1F7	1	0.2	0.311753902662993	0.909977683710987	1
#55B1F7	1	0.2	0.314844191598846	0.908631772268136	1
#55B1F7	1	0.2	0.320936639118457	0.906282110931907	1
#55B1F7	1	0.2	0.330119375573921	0.901839605359402	1
#55B1F7	1	0.2	0.334280761325645	0.899449035812672	1
#55B1F7	1	0.2	0.339302112029385	0.896816828819024	1
#55B1F7	1	0.2	0.348484848484848	0.891147129061128	1
#55B1F7	1	0.2	0.349788803844806	0.890266299357209	1
#55B1F7	1	0.2	0.357667584940312	0.885274635988736	1
#55B1F7	1	0.2	0.363570172714229	0.881083562901745	1
#55B1F7	1	0.2	0.366850321395776	0.878856224547169	1
#55B1F7	1	0.2	0.37603305785124	0.872091053421996	1
#55B1F7	1	0.2	0.376287547910415	0.871900826446281	1
#55B1F7	1	0.2	0.385215794306703	0.865378144893809	1
#55B1F7	1	0.2	0.388726141444369	0.862718089990818	1
#55B1F7	1	0.2	0.394398530762167	0.858443926922371	1
#55B1F7	1	0.2	0.400826748049016	0.853535353535353	1
#55B1F7	1	0.2	0.403581267217631	0.851410060719173	1
#55B1F7	1	0.2	0.412764003673095	0.844391587634833	1
#55B1F7	1	0.2	0.41281831268773	0.84435261707989	1
#55B1F7	1	0.2	0.421946740128558	0.837685741708457	1
#55B1F7	1	0.2	0.425535868032521	0.835169880624426	1
#55B1F7	1	0.2	0.431129476584022	0.831145789596198	1
#55B1F7	1	0.2	0.438765880369824	0.825987144168962	1
#55B1F7	1	0.2	0.440312213039486	0.824911474005216	1
#55B1F7	1	0.2	0.449494949494949	0.819279896131437	1
#55B1F7	1	0.2	0.45410521123523	0.816804407713499	1
#55B1F7	1	0.2	0.458677685950413	0.81433942868205	1
#55B1F7	1	0.2	0.467860422405877	0.810366177280719	1
#55B1F7	1	0.2	0.476667966957886	0.807621671258035	1
#55B1F7	1	0.2	0.477043158861341	0.807509740376823	1
#55B1F7	1	0.2	0.486225895316804	0.806080302705673	1
#55B1F7	1	0.2	0.495408631772268	0.80600762654735	1
#55B1F7	1	0.2	0.504591368227732	0.807219717848367	1
#55B1F7	1	0.2	0.506105166979305	0.807621671258035	1
#55B1F7	1	0.2	0.513774104683196	0.809699285270492	1
#55B1F7	1	0.2	0.522956841138659	0.813115219527551	1
#55B1F7	1	0.2	0.53145071066203	0.816804407713499	1
#55B1F7	1	0.2	0.532139577594123	0.817109733595627	1
#55B1F7	1	0.2	0.541322314049587	0.821800476606595	1
#55B1F7	1	0.2	0.549522865410291	0.825987144168962	1
#55B1F7	1	0.2	0.55050505050505	0.826501655566647	1
#55B1F7	1	0.2	0.559687786960514	0.831466744212724	1
#55B1F7	1	0.2	0.567109563526539	0.835169880624426	1
#55B1F7	1	0.2	0.568870523415978	0.836083894731307	1
#55B1F7	1	0.2	0.578053259871442	0.840628078820939	1
#55B1F7	1	0.2	0.586803152341306	0.84435261707989	1
#55B1F7	1	0.2	0.587235996326905	0.844548615079932	1
#55B1F7	1	0.2	0.596418732782369	0.84833581277668	1
#55B1F7	1	0.2	0.605601469237833	0.851434121241593	1
#55B1F7	1	0.2	0.613349210487773	0.853535353535353	1
#55B1F7	1	0.2	0.614784205693297	0.853966096179283	1
#55B1F7	1	0.2	0.62396694214876	0.856181391720067	1
#55B1F7	1	0.2	0.633149678604224	0.857770122761786	1
#55B1F7	1	0.2	0.642332415059688	0.858770877624937	1
#55B1F7	1	0.2	0.651515151515151	0.859203423893849	1
#55B1F7	1	0.2	0.660697887970615	0.859067045408407	1
#55B1F7	1	0.2	0.669880624426079	0.858338639047869	1
#55B1F7	1	0.2	0.679063360881543	0.856969922314476	1
#55B1F7	1	0.2	0.688246097337006	0.854883163333246	1
#55B1F7	1	0.2	0.692636281460711	0.853535353535353	1
#55B1F7	1	0.2	0.69742883379247	0.852175587170821	1
#55B1F7	1	0.2	0.706611570247934	0.848785955127446	1
#55B1F7	1	0.2	0.715773638528407	0.84435261707989	1
#55B1F7	1	0.2	0.715794306703398	0.844342919375855	1
#55B1F7	1	0.2	0.724977043158861	0.839264911204795	1
#55B1F7	1	0.2	0.730982739741907	0.835169880624426	1
#55B1F7	1	0.2	0.734159779614325	0.832967112635081	1
#55B1F7	1	0.2	0.742708352245345	0.825987144168962	1
#55B1F7	1	0.2	0.743342516069789	0.825443873367587	1
#55B1F7	1	0.2	0.752274375033364	0.816804407713499	1
#55B1F7	1	0.2	0.752525252525252	0.816541886346869	1
#55B1F7	1	0.2	0.760375351427097	0.807621671258035	1
#55B1F7	1	0.2	0.761707988980716	0.805934148133799	1
#55B1F7	1	0.2	0.767361104426491	0.798438934802571	1
#55B1F7	1	0.2	0.77089072543618	0.793074438902877	1
#55B1F7	1	0.2	0.773373850977506	0.789256198347108	1
#55B1F7	1	0.2	0.778624488791271	0.780073461891644	1
#55B1F7	1	0.2	0.780073461891644	0.777203965524849	1
#55B1F7	1	0.2	0.783362005868268	0.77089072543618	1
#55B1F7	1	0.2	0.787473544441039	0.761707988980716	1
#55B1F7	1	0.2	0.789256198347107	0.757160162851819	1
#55B1F7	1	0.2	0.791203416738521	0.752525252525253	1
#55B1F7	1	0.2	0.794618724666427	0.743342516069789	1
#55B1F7	1	0.2	0.797544358922787	0.734159779614325	1
#55B1F7	1	0.2	0.798438934802571	0.73104724858752	1
#55B1F7	1	0.2	0.800383727425508	0.724977043158861	1
#55B1F7	1	0.2	0.803009072883971	0.715794306703398	1
#55B1F7	1	0.2	0.805320165925548	0.706611570247934	1
#55B1F7	1	0.2	0.807368188932068	0.69742883379247	1
#55B1F7	1	0.2	0.807621671258035	0.696195569210787	1
#55B1F7	1	0.2	0.80950243089634	0.688246097337006	1
#55B1F7	1	0.2	0.811442163298402	0.679063360881543	1
#55B1F7	1	0.2	0.813163230415247	0.669880624426079	1
#55B1F7	1	0.2	0.814688812167275	0.660697887970615	1
#55B1F7	1	0.2	0.816042161734096	0.651515151515152	1
#55B1F7	1	0.2	0.816804407713498	0.645757800394729	1
#55B1F7	1	0.2	0.817337694190815	0.642332415059688	1
#55B1F7	1	0.2	0.818641238001257	0.633149678604224	1
#55B1F7	1	0.2	0.819848360974109	0.62396694214876	1
#55B1F7	1	0.2	0.821017928492407	0.614784205693297	1
#55B1F7	1	0.2	0.822217418329664	0.605601469237833	1
#55B1F7	1	0.2	0.8235191551278	0.596418732782369	1
#55B1F7	1	0.2	0.824993608669312	0.587235996326905	1
#55B1F7	1	0.2	0.825987144168962	0.5819111371746	1
#55B1F7	1	0.2	0.82681843058836	0.578053259871442	1
#55B1F7	1	0.2	0.829095329463431	0.568870523415978	1
#55B1F7	1	0.2	0.831645126351034	0.559687786960514	1
#55B1F7	1	0.2	0.834422637321676	0.55050505050505	1
#55B1F7	1	0.2	0.835169880624426	0.548218942312388	1
#55B1F7	1	0.2	0.837654703583323	0.541322314049587	1
#55B1F7	1	0.2	0.84099269829503	0.532139577594123	1
#55B1F7	1	0.2	0.844206990446653	0.522956841138659	1
#55B1F7	1	0.2	0.84435261707989	0.522529926175525	1
#55B1F7	1	0.2	0.847579810013337	0.513774104683195	1
#55B1F7	1	0.2	0.850599394250003	0.504591368227732	1
#55B1F7	1	0.2	0.853206891952097	0.495408631772268	1
#55B1F7	1	0.2	0.853535353535353	0.494078981274516	1
#55B1F7	1	0.2	0.855656559721175	0.486225895316805	1
#55B1F7	1	0.2	0.857676347040628	0.47704315886134	1
#55B1F7	1	0.2	0.859258194485137	0.467860422405877	1
#55B1F7	1	0.2	0.860453251495245	0.458677685950413	1
#55B1F7	1	0.2	0.861321486438473	0.44949494949495	1
#55B1F7	1	0.2	0.86193023962059	0.440312213039486	1
#55B1F7	1	0.2	0.862353043445731	0.431129476584022	1
#55B1F7	1	0.2	0.862667809830588	0.421946740128558	1
#55B1F7	1	0.2	0.862718089990817	0.42034120120803	1
#55B1F7	1	0.2	0.862992640497885	0.412764003673095	1
#55B1F7	1	0.2	0.863380508388059	0.403581267217631	1
#55B1F7	1	0.2	0.863899380051203	0.394398530762167	1
#55B1F7	1	0.2	0.864606167388641	0.385215794306703	1
#55B1F7	1	0.2	0.865532283415222	0.37603305785124	1
#55B1F7	1	0.2	0.866680970681026	0.366850321395776	1
#55B1F7	1	0.2	0.868028987613561	0.357667584940312	1
#55B1F7	1	0.2	0.869532031428751	0.348484848484848	1
#55B1F7	1	0.2	0.871132131128	0.339302112029385	1
#55B1F7	1	0.2	0.871900826446281	0.335034626067461	1
#55B1F7	1	0.2	0.872919931228363	0.330119375573921	1
#55B1F7	1	0.2	0.874801958921741	0.320936639118457	1
#55B1F7	1	0.2	0.876565323914343	0.311753902662994	1
#55B1F7	1	0.2	0.878142343627408	0.30257116620753	1
#55B1F7	1	0.2	0.879470618541723	0.293388429752066	1
#55B1F7	1	0.2	0.880491389165205	0.284205693296602	1
#55B1F7	1	0.2	0.881083562901745	0.275913130920405	1
#55B1F7	1	0.2	0.881158506031844	0.275022956841139	1
#55B1F7	1	0.2	0.881430950795402	0.265840220385675	1
#55B1F7	1	0.2	0.881131573714628	0.256657483930211	1
#55B1F7	1	0.2	0.881083562901745	0.256181569725101	1
#55B1F7	1	0.2	0.880311379062578	0.247474747474747	1
#55B1F7	1	0.2	0.878856007980208	0.238292011019284	1
#55B1F7	1	0.2	0.876656257995414	0.22910927456382	1
#55B1F7	1	0.2	0.873584327659085	0.219926538108356	1
#55B1F7	1	0.2	0.871900826446281	0.215989737905139	1
#55B1F7	1	0.2	0.869804343989809	0.210743801652892	1
#55B1F7	1	0.2	0.865171585721292	0.201561065197429	1
#55B1F7	1	0.2	0.862718089990817	0.197542127994475	1
#55B1F7	1	0.2	0.859664617574168	0.192378328741965	1
#55B1F7	1	0.2	0.853535353535353	0.183804122065376	1
#55B1F7	1	0.2	0.853103942732356	0.183195592286501	1
#55B1F7	1	0.2	0.845696766587201	0.174012855831037	1
#55B1F7	1	0.2	0.84435261707989	0.172528450498397	1
#55B1F7	1	0.2	0.837173602414937	0.164830119375574	1
#55B1F7	1	0.2	0.835169880624426	0.162869405157603	1
#55B1F7	1	0.2	0.82737462001306	0.15564738292011	1
#55B1F7	1	0.2	0.825987144168962	0.154437889768024	1
#55B1F7	1	0.2	0.816804407713498	0.146974424612499	1
#55B1F7	1	0.2	0.816128922294785	0.146464646464646	1
#55B1F7	1	0.2	0.807621671258035	0.140186170421209	1
#55B1F7	1	0.2	0.803185567724259	0.137281910009182	1
#55B1F7	1	0.2	0.798438934802571	0.134152411854529	1
#55B1F7	1	0.2	0.789256198347107	0.128823022025501	1
#55B1F7	1	0.2	0.787876117146437	0.128099173553719	1
#55B1F7	1	0.2	0.780073461891644	0.123816717923418	1
#55B1F7	1	0.2	0.77089072543618	0.119554390787655	1
#55B1F7	1	0.2	0.769341022777284	0.118916437098255	1
#55B1F7	1	0.2	0.761707988980716	0.115505195175587	1
#55B1F7	1	0.2	0.752525252525252	0.11206114853132	1
#55B1F7	1	0.2	0.745036997771512	0.109733700642792	1
#55B1F7	1	0.2	0.743342516069789	0.109142405908465	1
#55B1F7	1	0.2	0.734159779614325	0.106442608506734	1
#55B1F7	1	0.2	0.724977043158861	0.104339019290582	1
#55B1F7	1	0.2	0.715794306703398	0.102792110936119	1
#55B1F7	1	0.2	0.706611570247934	0.101780496243254	1
#55B1F7	1	0.2	0.69742883379247	0.101298464074553	1
#55B1F7	1	0.2	0.688246097337006	0.101354436474429	1
#55B1F7	1	0.2	0.679063360881543	0.101970402124493	1
#55B1F7	1	0.2	0.669880624426079	0.103182456162545	1
#55B1F7	1	0.2	0.660697887970615	0.105042652982454	1
#55B1F7	1	0.2	0.651515151515151	0.107622465640856	1
#55B1F7	1	0.2	0.645669039205198	0.109733700642792	1
#55B1F7	1	0.2	0.642332415059688	0.110819964874721	1
#55B1F7	1	0.2	0.633149678604224	0.11448625251897	1
#55B1F7	1	0.2	0.624282273046834	0.118916437098255	1
#55B1F7	1	0.2	0.62396694214876	0.119063097041808	1
#55B1F7	1	0.2	0.614784205693297	0.123951224649125	1
#55B1F7	1	0.2	0.60828740376076	0.128099173553719	1
#55B1F7	1	0.2	0.605601469237833	0.129754421418572	1
#55B1F7	1	0.2	0.596418732782369	0.136264785310077	1
#55B1F7	1	0.2	0.59512581932291	0.137281910009182	1
#55B1F7	1	0.2	0.587235996326905	0.14352378394601	1
#55B1F7	1	0.2	0.583917474419019	0.146464646464646	1
#55B1F7	1	0.2	0.578053259871442	0.151854231947265	1
#55B1F7	1	0.2	0.574274749408957	0.15564738292011	1
#55B1F7	1	0.2	0.568870523415978	0.161458784788159	1
#55B1F7	1	0.2	0.565922891187714	0.164830119375574	1
#55B1F7	1	0.2	0.559687786960514	0.172726936454177	1
#55B1F7	1	0.2	0.558706068166205	0.174012855831037	1
#55B1F7	1	0.2	0.552320292199964	0.183195592286501	1
#55B1F7	1	0.2	0.55050505050505	0.186176474879596	1
#55B1F7	1	0.2	0.546705656254203	0.192378328741965	1
#55B1F7	1	0.2	0.541946305912841	0.201561065197429	1
#55B1F7	1	0.2	0.541322314049587	0.202911848376444	1
#55B1F7	1	0.2	0.537534079792999	0.210743801652892	1
#55B1F7	1	0.2	0.533819069102687	0.219926538108356	1
#55B1F7	1	0.2	0.532139577594123	0.224733866296036	1
#55B1F7	1	0.2	0.530477073012577	0.22910927456382	1
#55B1F7	1	0.2	0.527422894889618	0.238292011019284	1
#55B1F7	1	0.2	0.524841317501665	0.247474747474747	1
#55B1F7	1	0.2	0.522956841138659	0.255265501818141	1
#55B1F7	1	0.2	0.522575462074424	0.256657483930211	1
#55B1F7	1	0.2	0.520308180521022	0.265840220385675	1
#55B1F7	1	0.2	0.518356042350222	0.275022956841139	1
#55B1F7	1	0.2	0.516672765504036	0.284205693296602	1
#55B1F7	1	0.2	0.515226630668133	0.293388429752066	1
#55B1F7	1	0.2	0.513997797176324	0.30257116620753	1
#55B1F7	1	0.2	0.513774104683196	0.304547554885539	1
#55B1F7	1	0.2	0.512809979808889	0.311753902662994	1
#55B1F7	1	0.2	0.511826559467459	0.320936639118457	1
#55B1F7	1	0.2	0.511094949352375	0.330119375573921	1
#55B1F7	1	0.2	0.510619131955717	0.339302112029385	1
#55B1F7	1	0.2	0.510404530984291	0.348484848484848	1
#55B1F7	1	0.2	0.510455605557207	0.357667584940312	1
#55B1F7	1	0.2	0.510773120904746	0.366850321395776	1
#55B1F7	1	0.2	0.511350797487766	0.37603305785124	1
#55B1F7	1	0.2	0.512170999344242	0.385215794306703	1
#55B1F7	1	0.2	0.513199182978148	0.394398530762167	1
#55B1F7	1	0.2	0.513774104683196	0.3989671241404	1
#55B1F7	1	0.2	0.514281505848577	0.403581267217631	1
#55B1F7	1	0.2	0.515325645545447	0.412764003673095	1
#55B1F7	1	0.2	0.516317520776244	0.421946740128558	1
#55B1F7	1	0.2	0.517117843358446	0.431129476584022	1
#55B1F7	1	0.2	0.517559100459403	0.440312213039486	1
#55B1F7	1	0.2	0.517462525163792	0.44949494949495	1
#55B1F7	1	0.2	0.516668630491106	0.458677685950413	1
#55B1F7	1	0.2	0.515076655308367	0.467860422405877	1
#55B1F7	1	0.2	0.513774104683196	0.472825447313633	1
#55B1F7	1	0.2	0.512503032712847	0.47704315886134	1
#55B1F7	1	0.2	0.508917315046146	0.486225895316805	1
#55B1F7	1	0.2	0.504755001287102	0.495408631772268	1
#55B1F7	1	0.2	0.504591368227732	0.495725684451859	1
#55B1F7	1	0.2	0.499511363701839	0.504591368227732	1
#55B1F7	1	0.2	0.495408631772268	0.511507673014378	1
#55B1F7	1	0.2	0.493889273832408	0.513774104683195	1
#55B1F7	1	0.2	0.487525988892952	0.522956841138659	1
#55B1F7	1	0.2	0.486225895316804	0.524802565710684	1
#55B1F7	1	0.2	0.480106705693858	0.532139577594123	1
#55B1F7	1	0.2	0.477043158861341	0.535757309213578	1
#55B1F7	1	0.2	0.470941069727715	0.541322314049587	1
#55B1F7	1	0.2	0.467860422405877	0.544007615512627	1
#55B1F7	1	0.2	0.458677685950413	0.549113729276795	1
#55B1F7	1	0.2	0.452340533994841	0.55050505050505	1
#55B1F7	1	0.2	0.449494949494949	0.551059800982586	1
#55B1F7	1	0.2	0.443460548529221	0.55050505050505	1
#55B1F7	1	0.2	0.440312213039486	0.550211521942394	1
#55B1F7	1	0.2	0.431129476584022	0.547091891475311	1
#55B1F7	1	0.2	0.421946740128558	0.542571447803205	1
#55B1F7	1	0.2	0.419926817982576	0.541322314049587	1
#55B1F7	1	0.2	0.412764003673095	0.536981164951994	1
#55B1F7	1	0.2	0.405281806871431	0.532139577594123	1
#55B1F7	1	0.2	0.403581267217631	0.53105187597851	1
#55B1F7	1	0.2	0.394398530762167	0.524891700105389	1
#55B1F7	1	0.2	0.391452374844178	0.522956841138659	1
#55B1F7	1	0.2	0.385215794306703	0.51885325969253	1
#55B1F7	1	0.2	0.376771559231108	0.513774104683195	1
#55B1F7	1	0.2	0.37603305785124	0.513320583055789	1
#55B1F7	1	0.2	0.366850321395776	0.507972009983946	1
#55B1F7	1	0.2	0.360013741619354	0.504591368227732	1
#55B1F7	1	0.2	0.357667584940312	0.503370327655109	1
#55B1F7	1	0.2	0.348484848484848	0.499163252340043	1
#55B1F7	1	0.2	0.339302112029385	0.495825298379306	1
#55B1F7	1	0.2	0.33790453438015	0.495408631772268	1
#55B1F7	1	0.2	0.330119375573921	0.492836555834804	1
#55B1F7	1	0.2	0.320936639118457	0.490566912846648	1
#55B1F7	1	0.2	0.311753902662993	0.489011234482411	1
#55B1F7	1	0.2	0.30257116620753	0.488109700066963	1
#55B1F7	1	0.2	0.293388429752066	0.487827526492795	1
#55B1F7	1	0.2	0.284205693296602	0.488155413730542	1
#55B1F7	1	0.2	0.275022956841139	0.489111034012406	1
#55B1F7	1	0.2	0.265840220385675	0.490742121693272	1
#55B1F7	1	0.2	0.256657483930211	0.493131761190281	1
#55B1F7	1	0.2	0.250131758098209	0.495408631772268	1
#55B1F7	1	0.2	0.247474747474747	0.496239574631752	1
#55B1F7	1	0.2	0.238292011019284	0.499849873096834	1
#55B1F7	1	0.2	0.22910927456382	0.504551133668204	1
#55B1F7	1	0.2	0.229040533207206	0.504591368227732	1
#55B1F7	1	0.2	0.219926538108356	0.509676610964417	1
#55B1F7	1	0.2	0.21393271695183	0.513774104683195	1
#55B1F7	1	0.2	0.210743801652893	0.515914737567113	1
#55B1F7	1	0.2	0.201827345886172	0.522956841138659	1
#55B1F7	1	0.2	0.201561065197429	0.523169614162186	1
#55B1F7	1	0.2	0.192378328741965	0.531351962782335	1
#55B1F7	1	0.2	0.191572639845055	0.532139577594123	1
#55B1F7	1	0.2	0.183195592286501	0.540809372357376	1
#55B1F7	1	0.2	0.182729552995513	0.541322314049587	1
#55B1F7	1	0.2	0.174903198493313	0.55050505050505	1
#55B1F7	1	0.2	0.174012855831038	0.551648611302323	1
#55B1F7	1	0.2	0.167846384196395	0.559687786960514	1
#55B1F7	1	0.2	0.164830119375574	0.564151062206234	1
#55B1F7	1	0.2	0.161574866896336	0.568870523415978	1
#55B1F7	1	0.2	0.156065416356011	0.578053259871442	1
#55B1F7	1	0.2	0.15564738292011	0.578817284726874	1
#55B1F7	1	0.2	0.150725940933572	0.587235996326905	1
#55B1F7	1	0.2	0.146464646464646	0.596022981267995	1
#55B1F7	1	0.2	0.146252638586406	0.596418732782369	1
#55B1F7	1	0.2	0.141744900877753	0.605601469237833	1
#55B1F7	1	0.2	0.138045652797514	0.614784205693297	1
#55B1F7	1	0.2	0.137281910009183	0.616951492974156	1
#55B1F7	1	0.2	0.134409380853792	0.62396694214876	1
#55B1F7	1	0.2	0.131280005860481	0.633149678604224	1
#55B1F7	1	0.2	0.128754038560577	0.642332415059688	1
#55B1F7	1	0.2	0.128099173553719	0.645207655416715	1
#4FA4E6	2	0.4	0.15564738292011	0.641705821503533	2
#4FA4E6	2	0.4	0.155446491706987	0.642332415059688	2
#4FA4E6	2	0.4	0.152916182798679	0.651515151515152	2
#4FA4E6	2	0.4	0.150901614557187	0.660697887970615	2
#4FA4E6	2	0.4	0.149332912980318	0.669880624426079	2
#4FA4E6	2	0.4	0.148154484569198	0.679063360881543	2
#4FA4E6	2	0.4	0.147322604911916	0.688246097337006	2
#4FA4E6	2	0.4	0.146803939306819	0.69742883379247	2
#4FA4E6	2	0.4	0.146574785940426	0.706611570247934	2
#4FA4E6	2	0.4	0.146620871224742	0.715794306703398	2
#4FA4E6	2	0.4	0.146937566342057	0.724977043158861	2
#4FA4E6	2	0.4	0.147530439629939	0.734159779614325	2
#4FA4E6	2	0.4	0.148416112981741	0.743342516069789	2
#4FA4E6	2	0.4	0.149623450773363	0.752525252525253	2
#4FA4E6	2	0.4	0.151195174570169	0.761707988980716	2
#4FA4E6	2	0.4	0.153190064379253	0.77089072543618	2
#4FA4E6	2	0.4	0.15564738292011	0.779939584604018	2
#4FA4E6	2	0.4	0.155680277108549	0.780073461891644	2
#4FA4E6	2	0.4	0.15832694138384	0.789256198347108	2
#4FA4E6	2	0.4	0.161611951730511	0.798438934802571	2
#4FA4E6	2	0.4	0.164830119375574	0.805838628432382	2
#4FA4E6	2	0.4	0.165577385169701	0.807621671258035	2
#4FA4E6	2	0.4	0.170014077895934	0.816804407713499	2
#4FA4E6	2	0.4	0.174012855831038	0.823666459881589	2
#4FA4E6	2	0.4	0.175385838536094	0.825987144168962	2
#4FA4E6	2	0.4	0.181611208849296	0.835169880624426	2
#4FA4E6	2	0.4	0.183195592286501	0.837253074622255	2
#4FA4E6	2	0.4	0.188977250113481	0.84435261707989	2
#4FA4E6	2	0.4	0.192378328741965	0.848108278787823	2
#4FA4E6	2	0.4	0.197869565107773	0.853535353535353	2
#4FA4E6	2	0.4	0.201561065197429	0.856946742257089	2
#4FA4E6	2	0.4	0.208859501301211	0.862718089990818	2
#4FA4E6	2	0.4	0.210743801652893	0.864166064269763	2
#4FA4E6	2	0.4	0.219926538108356	0.870128523629006	2
#4FA4E6	2	0.4	0.223342323423772	0.871900826446281	2
#4FA4E6	2	0.4	0.22910927456382	0.874979527994423	2
#4FA4E6	2	0.4	0.238292011019284	0.878741546224627	2
#4FA4E6	2	0.4	0.246283618580693	0.881083562901745	2
#4FA4E6	2	0.4	0.247474747474747	0.881463479769186	2
#4FA4E6	2	0.4	0.256657483930211	0.883474215807819	2
#4FA4E6	2	0.4	0.265840220385675	0.88453567544709	2
#4FA4E6	2	0.4	0.275022956841139	0.884715279937519	2
#4FA4E6	2	0.4	0.284205693296602	0.884039151446903	2
#4FA4E6	2	0.4	0.293388429752066	0.882496245908309	2
#4FA4E6	2	0.4	0.298763817953483	0.881083562901745	2
#4FA4E6	2	0.4	0.30257116620753	0.880191026959081	2
#4FA4E6	2	0.4	0.311753902662993	0.877247896283222	2
#4FA4E6	2	0.4	0.320936639118457	0.873370870672997	2
#4FA4E6	2	0.4	0.323832734496214	0.871900826446281	2
#4FA4E6	2	0.4	0.330119375573921	0.86890887928283	2
#4FA4E6	2	0.4	0.339302112029385	0.863615961737415	2
#4FA4E6	2	0.4	0.34069501604496	0.862718089990818	2
#4FA4E6	2	0.4	0.348484848484848	0.857840827585571	2
#4FA4E6	2	0.4	0.354515616323584	0.853535353535353	2
#4FA4E6	2	0.4	0.357667584940312	0.851295210764648	2
#4FA4E6	2	0.4	0.366534564003902	0.84435261707989	2
#4FA4E6	2	0.4	0.366850321395776	0.844100455188275	2
#4FA4E6	2	0.4	0.37603305785124	0.83642985850557	2
#4FA4E6	2	0.4	0.377487897503455	0.835169880624426	2
#4FA4E6	2	0.4	0.385215794306703	0.828153382083162	2
#4FA4E6	2	0.4	0.387574771175611	0.825987144168962	2
#4FA4E6	2	0.4	0.394398530762167	0.819287110054009	2
#4FA4E6	2	0.4	0.396970675515775	0.816804407713499	2
#4FA4E6	2	0.4	0.403581267217631	0.809865156788425	2
#4FA4E6	2	0.4	0.405817013683186	0.807621671258035	2
#4FA4E6	2	0.4	0.412764003673095	0.799940585052074	2
#4FA4E6	2	0.4	0.414225636038222	0.798438934802571	2
#4FA4E6	2	0.4	0.421946740128558	0.789630695965005	2
#4FA4E6	2	0.4	0.42231107697821	0.789256198347108	2
#4FA4E6	2	0.4	0.430416618562664	0.780073461891644	2
#4FA4E6	2	0.4	0.431129476584022	0.779165969102863	2
#4FA4E6	2	0.4	0.43874939832982	0.77089072543618	2
#4FA4E6	2	0.4	0.440312213039486	0.768994374509209	2
#4FA4E6	2	0.4	0.447776595060818	0.761707988980716	2
#4FA4E6	2	0.4	0.449494949494949	0.759867319480983	2
#4FA4E6	2	0.4	0.458677685950413	0.752732937775761	2
#4FA4E6	2	0.4	0.459113996509319	0.752525252525253	2
#4FA4E6	2	0.4	0.467860422405877	0.748245098745455	2
#4FA4E6	2	0.4	0.477043158861341	0.74685696732513	2
#4FA4E6	2	0.4	0.486225895316804	0.748173057425594	2
#4FA4E6	2	0.4	0.495408631772268	0.751567893544496	2
#4FA4E6	2	0.4	0.497083638681527	0.752525252525253	2
#4FA4E6	2	0.4	0.504591368227732	0.756370595748981	2
#4FA4E6	2	0.4	0.513156973641265	0.761707988980716	2
#4FA4E6	2	0.4	0.513774104683196	0.762061764833605	2
#4FA4E6	2	0.4	0.522956841138659	0.76834015344783	2
#4FA4E6	2	0.4	0.526398918221418	0.77089072543618	2
#4FA4E6	2	0.4	0.532139577594123	0.774896151758095	2
#4FA4E6	2	0.4	0.539297972175517	0.780073461891644	2
#4FA4E6	2	0.4	0.541322314049587	0.781478825695761	2
#4FA4E6	2	0.4	0.55050505050505	0.787993037428029	2
#4FA4E6	2	0.4	0.552306901031051	0.789256198347108	2
#4FA4E6	2	0.4	0.559687786960514	0.794327398187781	2
#4FA4E6	2	0.4	0.566096149193511	0.798438934802571	2
#4FA4E6	2	0.4	0.568870523415978	0.800212430163324	2
#4FA4E6	2	0.4	0.578053259871442	0.805677779686737	2
#4FA4E6	2	0.4	0.581703208537961	0.807621671258035	2
#4FA4E6	2	0.4	0.587235996326905	0.810627741206442	2
#4FA4E6	2	0.4	0.596418732782369	0.814932347409343	2
#4FA4E6	2	0.4	0.601168327578594	0.816804407713499	2
#4FA4E6	2	0.4	0.605601469237833	0.818636186865601	2
#4FA4E6	2	0.4	0.614784205693297	0.82173731925215	2
#4FA4E6	2	0.4	0.62396694214876	0.824085295514082	2
#4FA4E6	2	0.4	0.633149678604224	0.82573157227799	2
#4FA4E6	2	0.4	0.635533390517931	0.825987144168962	2
#4FA4E6	2	0.4	0.642332415059688	0.826792655805562	2
#4FA4E6	2	0.4	0.651515151515151	0.827143337887523	2
#4FA4E6	2	0.4	0.660697887970615	0.82674222940918	2
#4FA4E6	2	0.4	0.666568445442996	0.825987144168962	2
#4FA4E6	2	0.4	0.669880624426079	0.825592712299667	2
#4FA4E6	2	0.4	0.679063360881543	0.823734174442263	2
#4FA4E6	2	0.4	0.688246097337006	0.820983887393278	2
#4FA4E6	2	0.4	0.69742883379247	0.817191996211711	2
#4FA4E6	2	0.4	0.698192837194164	0.816804407713499	2
#4FA4E6	2	0.4	0.706611570247934	0.812523883132957	2
#4FA4E6	2	0.4	0.714184003563801	0.807621671258035	2
#4FA4E6	2	0.4	0.715794306703398	0.806543650085181	2
#4FA4E6	2	0.4	0.724977043158861	0.799220680065846	2
#4FA4E6	2	0.4	0.725834207350756	0.798438934802571	2
#4FA4E6	2	0.4	0.734159779614325	0.790219850539445	2
#4FA4E6	2	0.4	0.735034738828262	0.789256198347108	2
#4FA4E6	2	0.4	0.742609248374806	0.780073461891644	2
#4FA4E6	2	0.4	0.743342516069789	0.779081861957302	2
#4FA4E6	2	0.4	0.749056178600789	0.77089072543618	2
#4FA4E6	2	0.4	0.752525252525252	0.765121379189753	2
#4FA4E6	2	0.4	0.75453102195308	0.761707988980716	2
#4FA4E6	2	0.4	0.759298676533714	0.752525252525253	2
#4FA4E6	2	0.4	0.761707988980716	0.747154033767681	2
#4FA4E6	2	0.4	0.763451106394953	0.743342516069789	2
#4FA4E6	2	0.4	0.76716986892442	0.734159779614325	2
#4FA4E6	2	0.4	0.770336330212725	0.724977043158861	2
#4FA4E6	2	0.4	0.77089072543618	0.723185425740945	2
#4FA4E6	2	0.4	0.773329622014585	0.715794306703398	2
#4FA4E6	2	0.4	0.775977395352508	0.706611570247934	2
#4FA4E6	2	0.4	0.778275737231584	0.69742883379247	2
#4FA4E6	2	0.4	0.780073461891644	0.689204264821163	2
#4FA4E6	2	0.4	0.780304863014639	0.688246097337006	2
#4FA4E6	2	0.4	0.782296028926879	0.679063360881543	2
#4FA4E6	2	0.4	0.784017675079708	0.669880624426079	2
#4FA4E6	2	0.4	0.785496006853818	0.660697887970615	2
#4FA4E6	2	0.4	0.786754643550952	0.651515151515152	2
#4FA4E6	2	0.4	0.787818127562362	0.642332415059688	2
#4FA4E6	2	0.4	0.788715203289581	0.633149678604224	2
#4FA4E6	2	0.4	0.789256198347107	0.626663885439234	2
#4FA4E6	2	0.4	0.789514011333885	0.62396694214876	2
#4FA4E6	2	0.4	0.790288413196153	0.614784205693297	2
#4FA4E6	2	0.4	0.791022504748107	0.605601469237833	2
#4FA4E6	2	0.4	0.791791577133276	0.596418732782369	2
#4FA4E6	2	0.4	0.792679873673123	0.587235996326905	2
#4FA4E6	2	0.4	0.793775175574192	0.578053259871442	2
#4FA4E6	2	0.4	0.79516022358482	0.568870523415978	2
#4FA4E6	2	0.4	0.796901370229564	0.559687786960514	2
#4FA4E6	2	0.4	0.798438934802571	0.553053012109906	2
#4FA4E6	2	0.4	0.799088831940209	0.55050505050505	2
#4FA4E6	2	0.4	0.801798735285193	0.541322314049587	2
#4FA4E6	2	0.4	0.804807882847056	0.532139577594123	2
#4FA4E6	2	0.4	0.807621671258035	0.52407577430605	2
#4FA4E6	2	0.4	0.808033562192185	0.522956841138659	2
#4FA4E6	2	0.4	0.811475088783928	0.513774104683195	2
#4FA4E6	2	0.4	0.814769977720054	0.504591368227732	2
#4FA4E6	2	0.4	0.816804407713498	0.498486259914671	2
#4FA4E6	2	0.4	0.817862791014125	0.495408631772268	2
#4FA4E6	2	0.4	0.820693799315258	0.486225895316805	2
#4FA4E6	2	0.4	0.823083991733776	0.47704315886134	2
#4FA4E6	2	0.4	0.825029233024583	0.467860422405877	2
#4FA4E6	2	0.4	0.825987144168962	0.462148593978158	2
#4FA4E6	2	0.4	0.826597374856747	0.458677685950413	2
#4FA4E6	2	0.4	0.827839377963854	0.44949494949495	2
#4FA4E6	2	0.4	0.828754531458634	0.440312213039486	2
#4FA4E6	2	0.4	0.829426990491672	0.431129476584022	2
#4FA4E6	2	0.4	0.829947876348531	0.421946740128558	2
#4FA4E6	2	0.4	0.830409660796359	0.412764003673095	2
#4FA4E6	2	0.4	0.830899511351582	0.403581267217631	2
#4FA4E6	2	0.4	0.831492001544868	0.394398530762167	2
#4FA4E6	2	0.4	0.832242208781419	0.385215794306703	2
#4FA4E6	2	0.4	0.833180586954751	0.37603305785124	2
#4FA4E6	2	0.4	0.834310857610701	0.366850321395776	2
#4FA4E6	2	0.4	0.835169880624426	0.360826598579291	2
#4FA4E6	2	0.4	0.835661125419145	0.357667584940312	2
#4FA4E6	2	0.4	0.837250062829731	0.348484848484848	2
#4FA4E6	2	0.4	0.838917280700284	0.339302112029385	2
#4FA4E6	2	0.4	0.840591089943039	0.330119375573921	2
#4FA4E6	2	0.4	0.842198256843683	0.320936639118457	2
#4FA4E6	2	0.4	0.843668015039328	0.311753902662994	2
#4FA4E6	2	0.4	0.84435261707989	0.30681585656775	2
#4FA4E6	2	0.4	0.845007090939036	0.30257116620753	2
#4FA4E6	2	0.4	0.846130838095953	0.293388429752066	2
#4FA4E6	2	0.4	0.846884914442201	0.284205693296602	2
#4FA4E6	2	0.4	0.847201770082205	0.275022956841139	2
#4FA4E6	2	0.4	0.847010166910316	0.265840220385675	2
#4FA4E6	2	0.4	0.846231180496261	0.256657483930211	2
#4FA4E6	2	0.4	0.844773541266873	0.247474747474747	2
#4FA4E6	2	0.4	0.84435261707989	0.24569154355526	2
#4FA4E6	2	0.4	0.842725996880867	0.238292011019284	2
#4FA4E6	2	0.4	0.83990018416941	0.22910927456382	2
#4FA4E6	2	0.4	0.836099380255673	0.219926538108356	2
#4FA4E6	2	0.4	0.835169880624426	0.21809543957917	2
#4FA4E6	2	0.4	0.831517904129028	0.210743801652892	2
#4FA4E6	2	0.4	0.825987144168962	0.201913263454061	2
#4FA4E6	2	0.4	0.825765255781835	0.201561065197429	2
#4FA4E6	2	0.4	0.819025724099239	0.192378328741965	2
#4FA4E6	2	0.4	0.816804407713498	0.189773078067081	2
#4FA4E6	2	0.4	0.810924193486903	0.183195592286501	2
#4FA4E6	2	0.4	0.807621671258035	0.179904697122131	2
#4FA4E6	2	0.4	0.801235195915131	0.174012855831037	2
#4FA4E6	2	0.4	0.798438934802571	0.17163141966467	2
#4FA4E6	2	0.4	0.789549031292716	0.164830119375574	2
#4FA4E6	2	0.4	0.789256198347107	0.164616134384197	2
#4FA4E6	2	0.4	0.780073461891644	0.158474545765874	2
#4FA4E6	2	0.4	0.775135604610617	0.15564738292011	2
#4FA4E6	2	0.4	0.77089072543618	0.153222131555092	2
#4FA4E6	2	0.4	0.761707988980716	0.148704832562969	2
#4FA4E6	2	0.4	0.756266683952102	0.146464646464646	2
#4FA4E6	2	0.4	0.752525252525252	0.144860420875192	2
#4FA4E6	2	0.4	0.743342516069789	0.14156158129345	2
#4FA4E6	2	0.4	0.734159779614325	0.138961532127609	2
#4FA4E6	2	0.4	0.72637673950993	0.137281910009182	2
#4FA4E6	2	0.4	0.724977043158861	0.136950697766252	2
#4FA4E6	2	0.4	0.715794306703398	0.135373253829938	2
#4FA4E6	2	0.4	0.706611570247934	0.13442023428832	2
#4FA4E6	2	0.4	0.69742883379247	0.134078280021885	2
#4FA4E6	2	0.4	0.688246097337006	0.134351685489488	2
#4FA4E6	2	0.4	0.679063360881543	0.135261952252269	2
#4FA4E6	2	0.4	0.669880624426079	0.136848655167976	2
#4FA4E6	2	0.4	0.668111158541357	0.137281910009182	2
#4FA4E6	2	0.4	0.660697887970615	0.13894643072506	2
#4FA4E6	2	0.4	0.651515151515151	0.141713813053375	2
#4FA4E6	2	0.4	0.642332415059688	0.145303492516621	2
#4FA4E6	2	0.4	0.639859499469403	0.146464646464646	2
#4FA4E6	2	0.4	0.633149678604224	0.149494000347776	2
#4FA4E6	2	0.4	0.62396694214876	0.154581760038192	2
#4FA4E6	2	0.4	0.622293827619003	0.15564738292011	2
#4FA4E6	2	0.4	0.614784205693297	0.160435027799087	2
#4FA4E6	2	0.4	0.6089129873913	0.164830119375574	2
#4FA4E6	2	0.4	0.605601469237833	0.167387996076423	2
#4FA4E6	2	0.4	0.598071077174915	0.174012855831037	2
#4FA4E6	2	0.4	0.596418732782369	0.175560245075924	2
#4FA4E6	2	0.4	0.589044104725288	0.183195592286501	2
#4FA4E6	2	0.4	0.587235996326905	0.185251719111553	2
#4FA4E6	2	0.4	0.581397563647696	0.192378328741965	2
#4FA4E6	2	0.4	0.578053259871442	0.197002147727748	2
#4FA4E6	2	0.4	0.574889505005317	0.201561065197429	2
#4FA4E6	2	0.4	0.569375079065653	0.210743801652892	2
#4FA4E6	2	0.4	0.568870523415978	0.211687583809288	2
#4FA4E6	2	0.4	0.564476316801462	0.219926538108356	2
#4FA4E6	2	0.4	0.560385233389651	0.22910927456382	2
#4FA4E6	2	0.4	0.559687786960514	0.23088639360363	2
#4FA4E6	2	0.4	0.556679766393398	0.238292011019284	2
#4FA4E6	2	0.4	0.553510757235817	0.247474747474747	2
#4FA4E6	2	0.4	0.550835683776939	0.256657483930211	2
#4FA4E6	2	0.4	0.55050505050505	0.257944307894708	2
#4FA4E6	2	0.4	0.548321677292978	0.265840220385675	2
#4FA4E6	2	0.4	0.546151774012434	0.275022956841139	2
#4FA4E6	2	0.4	0.54430950618089	0.284205693296602	2
#4FA4E6	2	0.4	0.542753964702452	0.293388429752066	2
#4FA4E6	2	0.4	0.541458924346068	0.30257116620753	2
#4FA4E6	2	0.4	0.541322314049587	0.303753117835452	2
#4FA4E6	2	0.4	0.540288524227248	0.311753902662994	2
#4FA4E6	2	0.4	0.539379583040719	0.320936639118457	2
#4FA4E6	2	0.4	0.538752299668523	0.330119375573921	2
#4FA4E6	2	0.4	0.538414357620711	0.339302112029385	2
#4FA4E6	2	0.4	0.538377075332356	0.348484848484848	2
#4FA4E6	2	0.4	0.538652765808405	0.357667584940312	2
#4FA4E6	2	0.4	0.539251806350197	0.366850321395776	2
#4FA4E6	2	0.4	0.540179153489307	0.37603305785124	2
#4FA4E6	2	0.4	0.541322314049587	0.384447513140319	2
#4FA4E6	2	0.4	0.541418503278908	0.385215794306703	2
#4FA4E6	2	0.4	0.542808178634689	0.394398530762167	2
#4FA4E6	2	0.4	0.544431579985053	0.403581267217631	2
#4FA4E6	2	0.4	0.546221596729966	0.412764003673095	2
#4FA4E6	2	0.4	0.548074120681231	0.421946740128558	2
#4FA4E6	2	0.4	0.549840646281048	0.431129476584022	2
#4FA4E6	2	0.4	0.55050505050505	0.435336078840573	2
#4FA4E6	2	0.4	0.551258015587244	0.440312213039486	2
#4FA4E6	2	0.4	0.552152497982568	0.44949494949495	2
#4FA4E6	2	0.4	0.552354100396013	0.458677685950413	2
#4FA4E6	2	0.4	0.551662877158085	0.467860422405877	2
#4FA4E6	2	0.4	0.55050505050505	0.474095967933368	2
#4FA4E6	2	0.4	0.5499127459399	0.47704315886134	2
#4FA4E6	2	0.4	0.546989964428226	0.486225895316805	2
#4FA4E6	2	0.4	0.543146735620117	0.495408631772268	2
#4FA4E6	2	0.4	0.541322314049587	0.499029911901426	2
#4FA4E6	2	0.4	0.538424729917247	0.504591368227732	2
#4FA4E6	2	0.4	0.533211402785124	0.513774104683195	2
#4FA4E6	2	0.4	0.532139577594123	0.515549084476558	2
#4FA4E6	2	0.4	0.52755664417033	0.522956841138659	2
#4FA4E6	2	0.4	0.522956841138659	0.530526925331177	2
#4FA4E6	2	0.4	0.521937727446404	0.532139577594123	2
#4FA4E6	2	0.4	0.516200199552642	0.541322314049587	2
#4FA4E6	2	0.4	0.513774104683196	0.545427084089232	2
#4FA4E6	2	0.4	0.510562921446585	0.55050505050505	2
#4FA4E6	2	0.4	0.505153426734903	0.559687786960514	2
#4FA4E6	2	0.4	0.504591368227732	0.560692893367125	2
#4FA4E6	2	0.4	0.499444792492335	0.568870523415978	2
#4FA4E6	2	0.4	0.495408631772268	0.575843448651008	2
#4FA4E6	2	0.4	0.493881006313906	0.578053259871442	2
#4FA4E6	2	0.4	0.487847745478676	0.587235996326905	2
#4FA4E6	2	0.4	0.486225895316804	0.589863819232875	2
#4FA4E6	2	0.4	0.480835622380278	0.596418732782369	2
#4FA4E6	2	0.4	0.477043158861341	0.601257233873999	2
#4FA4E6	2	0.4	0.471634816599449	0.605601469237833	2
#4FA4E6	2	0.4	0.467860422405877	0.60872476467414	2
#4FA4E6	2	0.4	0.458677685950413	0.611635705717964	2
#4FA4E6	2	0.4	0.449494949494949	0.610239165881111	2
#4FA4E6	2	0.4	0.440809143942447	0.605601469237833	2
#4FA4E6	2	0.4	0.440312213039486	0.605363199414594	2
#4FA4E6	2	0.4	0.431129476584022	0.598231522460936	2
#4FA4E6	2	0.4	0.429334002838788	0.596418732782369	2
#4FA4E6	2	0.4	0.421946740128558	0.589776325967768	2
#4FA4E6	2	0.4	0.41954209127383	0.587235996326905	2
#4FA4E6	2	0.4	0.412764003673095	0.580803266530106	2
#4FA4E6	2	0.4	0.410125949786408	0.578053259871442	2
#4FA4E6	2	0.4	0.403581267217631	0.571852544247105	2
#4FA4E6	2	0.4	0.400558997416379	0.568870523415978	2
#4FA4E6	2	0.4	0.394398530762167	0.563261550900032	2
#4FA4E6	2	0.4	0.390449514304525	0.559687786960514	2
#4FA4E6	2	0.4	0.385215794306703	0.555235906721745	2
#4FA4E6	2	0.4	0.379368936966615	0.55050505050505	2
#4FA4E6	2	0.4	0.37603305785124	0.547913970774261	2
#4FA4E6	2	0.4	0.366850321395776	0.541408800811847	2
#4FA4E6	2	0.4	0.366717504886774	0.541322314049587	2
#4FA4E6	2	0.4	0.357667584940312	0.535480719136858	2
#4FA4E6	2	0.4	0.351491757019191	0.532139577594123	2
#4FA4E6	2	0.4	0.348484848484848	0.530483613333599	2
#4FA4E6	2	0.4	0.339302112029385	0.52618027835403	2
#4FA4E6	2	0.4	0.3304490477311	0.522956841138659	2
#4FA4E6	2	0.4	0.330119375573921	0.522829525033223	2
#4FA4E6	2	0.4	0.320936639118457	0.519993013777303	2
#4FA4E6	2	0.4	0.311753902662993	0.518021780994229	2
#4FA4E6	2	0.4	0.30257116620753	0.516841549888405	2
#4FA4E6	2	0.4	0.293388429752066	0.51640756577484	2
#4FA4E6	2	0.4	0.284205693296602	0.516705150034358	2
#4FA4E6	2	0.4	0.275022956841139	0.517751458577882	2
#4FA4E6	2	0.4	0.265840220385675	0.519599048043032	2
#4FA4E6	2	0.4	0.256657483930211	0.522341919021042	2
#4FA4E6	2	0.4	0.255074760142348	0.522956841138659	2
#4FA4E6	2	0.4	0.247474747474747	0.525708428460594	2
#4FA4E6	2	0.4	0.238292011019284	0.530072807325288	2
#4FA4E6	2	0.4	0.23473536971185	0.532139577594123	2
#4FA4E6	2	0.4	0.22910927456382	0.535331201713961	2
#4FA4E6	2	0.4	0.220546354236625	0.541322314049587	2
#4FA4E6	2	0.4	0.219926538108356	0.54175887994426	2
#4FA4E6	2	0.4	0.210743801652893	0.549220172061037	2
#4FA4E6	2	0.4	0.209347228480816	0.55050505050505	2
#4FA4E6	2	0.4	0.201561065197429	0.558069047432308	2
#4FA4E6	2	0.4	0.200043596946971	0.559687786960514	2
#4FA4E6	2	0.4	0.192378328741965	0.568593539146937	2
#4FA4E6	2	0.4	0.192152800927379	0.568870523415978	2
#4FA4E6	2	0.4	0.185198473244358	0.578053259871442	2
#4FA4E6	2	0.4	0.183195592286501	0.581057324331101	2
#4FA4E6	2	0.4	0.17910814399993	0.587235996326905	2
#4FA4E6	2	0.4	0.174012855831038	0.596286030210511	2
#4FA4E6	2	0.4	0.173935984376556	0.596418732782369	2
#4FA4E6	2	0.4	0.16906307762082	0.605601469237833	2
#4FA4E6	2	0.4	0.165071259827796	0.614784205693297	2
#4FA4E6	2	0.4	0.164830119375574	0.615409161088649	2
#4FA4E6	2	0.4	0.161240035659049	0.62396694214876	2
#4FA4E6	2	0.4	0.158067561212605	0.633149678604224	2
#4FA4E6	2	0.4	0.15564738292011	0.641705821503533	2
#4998D6	3	0.6	0.164830119375574	0.677313637205639	3
#4998D6	3	0.6	0.164558281865355	0.679063360881543	3
#4998D6	3	0.6	0.163514809206115	0.688246097337006	3
#4998D6	3	0.6	0.162853851161554	0.69742883379247	3
#4998D6	3	0.6	0.162550809983839	0.706611570247934	3
#4998D6	3	0.6	0.162593022505251	0.715794306703398	3
#4998D6	3	0.6	0.162979816114128	0.724977043158861	3
#4998D6	3	0.6	0.16372303681632	0.734159779614325	3
#4998D6	3	0.6	0.164830119375574	0.743200009583778	3
#4998D6	3	0.6	0.164845590094324	0.743342516069789	3
#4998D6	3	0.6	0.166185200060592	0.752525252525253	3
#4998D6	3	0.6	0.167948273026769	0.761707988980716	3
#4998D6	3	0.6	0.170205408515291	0.77089072543618	3
#4998D6	3	0.6	0.173048563025937	0.780073461891644	3
#4998D6	3	0.6	0.174012855831038	0.782707153638523	3
#4998D6	3	0.6	0.176329068793062	0.789256198347108	3
#4998D6	3	0.6	0.180291991702337	0.798438934802571	3
#4998D6	3	0.6	0.183195592286501	0.804065962627195	3
#4998D6	3	0.6	0.185065221206418	0.807621671258035	3
#4998D6	3	0.6	0.19073697643678	0.816804407713499	3
#4998D6	3	0.6	0.192378328741965	0.819138883703522	3
#4998D6	3	0.6	0.197566577804521	0.825987144168962	3
#4998D6	3	0.6	0.201561065197429	0.830628520084564	3
#4998D6	3	0.6	0.205971926514112	0.835169880624426	3
#4998D6	3	0.6	0.210743801652893	0.839671986602236	3
#4998D6	3	0.6	0.216632841516421	0.84435261707989	3
#4998D6	3	0.6	0.219926538108356	0.846848033144963	3
#4998D6	3	0.6	0.22910927456382	0.852492374248129	3
#4998D6	3	0.6	0.231274515040118	0.853535353535353	3
#4998D6	3	0.6	0.238292011019284	0.856950646360909	3
#4998D6	3	0.6	0.247474747474747	0.860191488360462	3
#4998D6	3	0.6	0.256657483930211	0.862319325465046	3
#4998D6	3	0.6	0.259772451916958	0.862718089990818	3
#4998D6	3	0.6	0.265840220385675	0.863565039869833	3
#4998D6	3	0.6	0.275022956841139	0.863866066441038	3
#4998D6	3	0.6	0.284205693296602	0.863217660425502	3
#4998D6	3	0.6	0.287121849032437	0.862718089990818	3
#4998D6	3	0.6	0.293388429752066	0.861747472671478	3
#4998D6	3	0.6	0.30257116620753	0.85946919105392	3
#4998D6	3	0.6	0.311753902662993	0.856263490405759	3
#4998D6	3	0.6	0.317811118768438	0.853535353535353	3
#4998D6	3	0.6	0.320936639118457	0.85219275111198	3
#4998D6	3	0.6	0.330119375573921	0.847388468626131	3
#4998D6	3	0.6	0.33499689668954	0.84435261707989	3
#4998D6	3	0.6	0.339302112029385	0.841695019106494	3
#4998D6	3	0.6	0.348378075421166	0.835169880624426	3
#4998D6	3	0.6	0.348484848484848	0.83509166171114	3
#4998D6	3	0.6	0.357667584940312	0.827743688354133	3
#4998D6	3	0.6	0.359689102918711	0.825987144168962	3
#4998D6	3	0.6	0.366850321395776	0.819417590836303	3
#4998D6	3	0.6	0.369561148036728	0.816804407713499	3
#4998D6	3	0.6	0.37603305785124	0.810053588219312	3
#4998D6	3	0.6	0.378325869391014	0.807621671258035	3
#4998D6	3	0.6	0.385215794306703	0.799530760154822	3
#4998D6	3	0.6	0.386159797376691	0.798438934802571	3
#4998D6	3	0.6	0.393305677545779	0.789256198347108	3
#4998D6	3	0.6	0.394398530762167	0.78766020659992	3
#4998D6	3	0.6	0.39989672761372	0.780073461891644	3
#4998D6	3	0.6	0.403581267217631	0.774122975659976	3
#4998D6	3	0.6	0.405768651822234	0.77089072543618	3
#4998D6	3	0.6	0.411138683893712	0.761707988980716	3
#4998D6	3	0.6	0.412764003673095	0.758443217571395	3
#4998D6	3	0.6	0.416134162558266	0.752525252525253	3
#4998D6	3	0.6	0.420510215544087	0.743342516069789	3
#4998D6	3	0.6	0.421946740128558	0.739718826719329	3
#4998D6	3	0.6	0.424604332811515	0.734159779614325	3
#4998D6	3	0.6	0.428184583633635	0.724977043158861	3
#4998D6	3	0.6	0.430966655830977	0.715794306703398	3
#4998D6	3	0.6	0.431129476584022	0.715065965458112	3
#4998D6	3	0.6	0.433611481012796	0.706611570247934	3
#4998D6	3	0.6	0.435360155573652	0.69742883379247	3
#4998D6	3	0.6	0.436134579920579	0.688246097337006	3
#4998D6	3	0.6	0.435885532346373	0.679063360881543	3
#4998D6	3	0.6	0.434540911024585	0.669880624426079	3
#4998D6	3	0.6	0.432002008811112	0.660697887970615	3
#4998D6	3	0.6	0.431129476584022	0.658561818407288	3
#4998D6	3	0.6	0.428957970881184	0.651515151515152	3
#4998D6	3	0.6	0.425093575306293	0.642332415059688	3
#4998D6	3	0.6	0.421946740128558	0.636525755189461	3
#4998D6	3	0.6	0.420451229503166	0.633149678604224	3
#4998D6	3	0.6	0.415429721470637	0.62396694214876	3
#4998D6	3	0.6	0.412764003673095	0.619923235550826	3
#4998D6	3	0.6	0.409799315689951	0.614784205693297	3
#4998D6	3	0.6	0.403581267217631	0.605834181958576	3
#4998D6	3	0.6	0.403432551243599	0.605601469237833	3
#4998D6	3	0.6	0.396722950989012	0.596418732782369	3
#4998D6	3	0.6	0.394398530762167	0.593650150692034	3
#4998D6	3	0.6	0.389156332794963	0.587235996326905	3
#4998D6	3	0.6	0.385215794306703	0.582958560959747	3
#4998D6	3	0.6	0.380622213761871	0.578053259871442	3
#4998D6	3	0.6	0.37603305785124	0.573600395338484	3
#4998D6	3	0.6	0.370859172899439	0.568870523415978	3
#4998D6	3	0.6	0.366850321395776	0.565453248110833	3
#4998D6	3	0.6	0.359342541290769	0.559687786960514	3
#4998D6	3	0.6	0.357667584940312	0.558455294380517	3
#4998D6	3	0.6	0.348484848484848	0.552449731440082	3
#4998D6	3	0.6	0.344942856467172	0.55050505050505	3
#4998D6	3	0.6	0.339302112029385	0.547414821297151	3
#4998D6	3	0.6	0.330119375573921	0.543367160758863	3
#4998D6	3	0.6	0.324041134796387	0.541322314049587	3
#4998D6	3	0.6	0.320936639118457	0.540232554917527	3
#4998D6	3	0.6	0.311753902662993	0.537878828815545	3
#4998D6	3	0.6	0.30257116620753	0.536439961048946	3
#4998D6	3	0.6	0.293388429752066	0.535861596978759	3
#4998D6	3	0.6	0.284205693296602	0.536123877890081	3
#4998D6	3	0.6	0.275022956841139	0.537243449692826	3
#4998D6	3	0.6	0.265840220385675	0.539277447606237	3
#4998D6	3	0.6	0.259586097519779	0.541322314049587	3
#4998D6	3	0.6	0.256657483930211	0.542224238892029	3
#4998D6	3	0.6	0.247474747474747	0.546008701070478	3
#4998D6	3	0.6	0.239215020790389	0.55050505050505	3
#4998D6	3	0.6	0.238292011019284	0.551001261146503	3
#4998D6	3	0.6	0.22910927456382	0.556978420999656	3
#4998D6	3	0.6	0.225641729341166	0.559687786960514	3
#4998D6	3	0.6	0.219926538108356	0.564317532243129	3
#4998D6	3	0.6	0.215068331462158	0.568870523415978	3
#4998D6	3	0.6	0.210743801652893	0.573210147767784	3
#4998D6	3	0.6	0.206390848366927	0.578053259871442	3
#4998D6	3	0.6	0.201561065197429	0.583996914255028	3
#4998D6	3	0.6	0.199089537854053	0.587235996326905	3
#4998D6	3	0.6	0.192893164821476	0.596418732782369	3
#4998D6	3	0.6	0.192378328741965	0.597268483852174	3
#4998D6	3	0.6	0.187400173117518	0.605601469237833	3
#4998D6	3	0.6	0.183195592286501	0.614049791744212	3
#4998D6	3	0.6	0.182821531539114	0.614784205693297	3
#4998D6	3	0.6	0.17863910886503	0.62396694214876	3
#4998D6	3	0.6	0.17521462275608	0.633149678604224	3
#4998D6	3	0.6	0.174012855831038	0.636952335374589	3
#4998D6	3	0.6	0.172175669781571	0.642332415059688	3
#4998D6	3	0.6	0.16956571572887	0.651515151515152	3
#4998D6	3	0.6	0.167478023808437	0.660697887970615	3
#4998D6	3	0.6	0.165840991523289	0.669880624426079	3
#4998D6	3	0.6	0.164830119375574	0.677313637205639	3
#4998D6	4	0.6	0.495408631772268	0.645339994787403	4
#4998D6	4	0.6	0.493975575148012	0.651515151515152	4
#4998D6	4	0.6	0.49277017984521	0.660697887970615	4
#4998D6	4	0.6	0.492613763966122	0.669880624426079	4
#4998D6	4	0.6	0.493721954782097	0.679063360881543	4
#4998D6	4	0.6	0.495408631772268	0.685013507765284	4
#4998D6	4	0.6	0.49613288811163	0.688246097337006	4
#4998D6	4	0.6	0.499493449169091	0.69742883379247	4
#4998D6	4	0.6	0.504591368227732	0.70653807409464	4
#4998D6	4	0.6	0.504626307702735	0.706611570247934	4
#4998D6	4	0.6	0.510270082142612	0.715794306703398	4
#4998D6	4	0.6	0.513774104683196	0.720207105854318	4
#4998D6	4	0.6	0.517164186259497	0.724977043158861	4
#4998D6	4	0.6	0.522956841138659	0.7316681658481	4
#4998D6	4	0.6	0.524965618966437	0.734159779614325	4
#4998D6	4	0.6	0.532139577594123	0.741801874337051	4
#4998D6	4	0.6	0.533533371817622	0.743342516069789	4
#4998D6	4	0.6	0.541322314049587	0.751009097670744	4
#4998D6	4	0.6	0.5428548542902	0.752525252525253	4
#4998D6	4	0.6	0.55050505050505	0.759470303739258	4
#4998D6	4	0.6	0.55303545522229	0.761707988980716	4
#4998D6	4	0.6	0.559687786960514	0.767246078756629	4
#4998D6	4	0.6	0.564328371903096	0.77089072543618	4
#4998D6	4	0.6	0.568870523415978	0.774324768942382	4
#4998D6	4	0.6	0.577206977759565	0.780073461891644	4
#4998D6	4	0.6	0.578053259871442	0.780646620928993	4
#4998D6	4	0.6	0.587235996326905	0.786348735785705	4
#4998D6	4	0.6	0.592713030667938	0.789256198347108	4
#4998D6	4	0.6	0.596418732782369	0.791242760631114	4
#4998D6	4	0.6	0.605601469237833	0.795408702119334	4
#4998D6	4	0.6	0.614047520264975	0.798438934802571	4
#4998D6	4	0.6	0.614784205693297	0.798713624182331	4
#4998D6	4	0.6	0.62396694214876	0.801381831676992	4
#4998D6	4	0.6	0.633149678604224	0.803200509144337	4
#4998D6	4	0.6	0.642332415059688	0.80419916248857	4
#4998D6	4	0.6	0.651515151515151	0.804379892094423	4
#4998D6	4	0.6	0.660697887970615	0.803714837808624	4
#4998D6	4	0.6	0.669880624426079	0.802142770479004	4
#4998D6	4	0.6	0.679063360881543	0.799564157975373	4
#4998D6	4	0.6	0.681954456613904	0.798438934802571	4
#4998D6	4	0.6	0.688246097337006	0.795986213764379	4
#4998D6	4	0.6	0.69742883379247	0.791183132017368	4
#4998D6	4	0.6	0.700390949789711	0.789256198347108	4
#4998D6	4	0.6	0.706611570247934	0.785008594713225	4
#4998D6	4	0.6	0.712541436237586	0.780073461891644	4
#4998D6	4	0.6	0.715794306703398	0.777144954296055	4
#4998D6	4	0.6	0.721796619692818	0.77089072543618	4
#4998D6	4	0.6	0.724977043158861	0.767200537396477	4
#4998D6	4	0.6	0.729254741897607	0.761707988980716	4
#4998D6	4	0.6	0.734159779614325	0.75450128594593	4
#4998D6	4	0.6	0.735424651661105	0.752525252525253	4
#4998D6	4	0.6	0.740671696744704	0.743342516069789	4
#4998D6	4	0.6	0.743342516069789	0.737905642377365	4
#4998D6	4	0.6	0.74515532511766	0.734159779614325	4
#4998D6	4	0.6	0.749068761296589	0.724977043158861	4
#4998D6	4	0.6	0.752380746638573	0.715794306703398	4
#4998D6	4	0.6	0.752525252525252	0.715345453589192	4
#4998D6	4	0.6	0.75543613302624	0.706611570247934	4
#4998D6	4	0.6	0.758055718103284	0.69742883379247	4
#4998D6	4	0.6	0.760290587386582	0.688246097337006	4
#4998D6	4	0.6	0.761707988980716	0.681444168340182	4
#4998D6	4	0.6	0.762242907874285	0.679063360881543	4
#4998D6	4	0.6	0.76401979156809	0.669880624426079	4
#4998D6	4	0.6	0.765493980904061	0.660697887970615	4
#4998D6	4	0.6	0.766690655724478	0.651515151515152	4
#4998D6	4	0.6	0.767633394863563	0.642332415059688	4
#4998D6	4	0.6	0.768347448911814	0.633149678604224	4
#4998D6	4	0.6	0.768862844301149	0.62396694214876	4
#4998D6	4	0.6	0.769217270635535	0.614784205693297	4
#4998D6	4	0.6	0.769458648632981	0.605601469237833	4
#4998D6	4	0.6	0.769647193866902	0.596418732782369	4
#4998D6	4	0.6	0.769856670450291	0.587235996326905	4
#4998D6	4	0.6	0.770174358607667	0.578053259871442	4
#4998D6	4	0.6	0.770699042621965	0.568870523415978	4
#4998D6	4	0.6	0.77089072543618	0.566694004338395	4
#4998D6	4	0.6	0.771576129717545	0.559687786960514	4
#4998D6	4	0.6	0.772882125906759	0.55050505050505	4
#4998D6	4	0.6	0.774673046408484	0.541322314049587	4
#4998D6	4	0.6	0.776978659011811	0.532139577594123	4
#4998D6	4	0.6	0.779773630776054	0.522956841138659	4
#4998D6	4	0.6	0.780073461891644	0.522081577902735	4
#4998D6	4	0.6	0.782991039426549	0.513774104683195	4
#4998D6	4	0.6	0.786391008164715	0.504591368227732	4
#4998D6	4	0.6	0.789256198347107	0.496865367909266	4
#4998D6	4	0.6	0.789794808108661	0.495408631772268	4
#4998D6	4	0.6	0.793018064896726	0.486225895316805	4
#4998D6	4	0.6	0.795903433608047	0.47704315886134	4
#4998D6	4	0.6	0.79837815297734	0.467860422405877	4
#4998D6	4	0.6	0.798438934802571	0.467593787270988	4
#4998D6	4	0.6	0.800446022618453	0.458677685950413	4
#4998D6	4	0.6	0.802097949866418	0.44949494949495	4
#4998D6	4	0.6	0.803391719733843	0.440312213039486	4
#4998D6	4	0.6	0.804407357759255	0.431129476584022	4
#4998D6	4	0.6	0.80523708952022	0.421946740128558	4
#4998D6	4	0.6	0.805976339985178	0.412764003673095	4
#4998D6	4	0.6	0.806715174341849	0.403581267217631	4
#4998D6	4	0.6	0.807530510149812	0.394398530762167	4
#4998D6	4	0.6	0.807621671258035	0.393531881590167	4
#4998D6	4	0.6	0.808527537343518	0.385215794306703	4
#4998D6	4	0.6	0.809708479283585	0.37603305785124	4
#4998D6	4	0.6	0.81107425356768	0.366850321395776	4
#4998D6	4	0.6	0.812603533929795	0.357667584940312	4
#4998D6	4	0.6	0.814251925342577	0.348484848484848	4
#4998D6	4	0.6	0.815958125015191	0.339302112029385	4
#4998D6	4	0.6	0.816804407713498	0.334756582871056	4
#4998D6	4	0.6	0.817714407404317	0.330119375573921	4
#4998D6	4	0.6	0.819437330713914	0.320936639118457	4
#4998D6	4	0.6	0.820982786722934	0.311753902662994	4
#4998D6	4	0.6	0.822274435714459	0.30257116620753	4
#4998D6	4	0.6	0.823239704005158	0.293388429752066	4
#4998D6	4	0.6	0.823808160294174	0.284205693296602	4
#4998D6	4	0.6	0.823908649020279	0.275022956841139	4
#4998D6	4	0.6	0.823465530129497	0.265840220385675	4
#4998D6	4	0.6	0.822394171321596	0.256657483930211	4
#4998D6	4	0.6	0.820595631808335	0.247474747474747	4
#4998D6	4	0.6	0.817950290812802	0.238292011019284	4
#4998D6	4	0.6	0.816804407713498	0.235290176012175	4
#4998D6	4	0.6	0.814477519407971	0.22910927456382	4
#4998D6	4	0.6	0.809978939982403	0.219926538108356	4
#4998D6	4	0.6	0.807621671258035	0.216032707120972	4
#4998D6	4	0.6	0.804329529604266	0.210743801652892	4
#4998D6	4	0.6	0.798438934802571	0.202969006760258	4
#4998D6	4	0.6	0.797306743639109	0.201561065197429	4
#4998D6	4	0.6	0.789256198347107	0.192957579712479	4
#4998D6	4	0.6	0.788661389359919	0.192378328741965	4
#4998D6	4	0.6	0.780073461891644	0.184891060451773	4
#4998D6	4	0.6	0.77786345136511	0.183195592286501	4
#4998D6	4	0.6	0.77089072543618	0.178219935717477	4
#4998D6	4	0.6	0.763941067022645	0.174012855831037	4
#4998D6	4	0.6	0.761707988980716	0.172708961480914	4
#4998D6	4	0.6	0.752525252525252	0.168106466424274	4
#4998D6	4	0.6	0.744381757824188	0.164830119375574	4
#4998D6	4	0.6	0.743342516069789	0.164407799973105	4
#4998D6	4	0.6	0.734159779614325	0.161350913690315	4
#4998D6	4	0.6	0.724977043158861	0.15906387892287	4
#4998D6	4	0.6	0.715794306703398	0.157481269868232	4
#4998D6	4	0.6	0.706611570247934	0.15656134274117	4
#4998D6	4	0.6	0.69742883379247	0.15628330505281	4
#4998D6	4	0.6	0.688246097337006	0.156645750103896	4
#4998D6	4	0.6	0.679063360881543	0.157666346808811	4
#4998D6	4	0.6	0.669880624426079	0.159382946263544	4
#4998D6	4	0.6	0.660697887970615	0.161856344527754	4
#4998D6	4	0.6	0.652428129724053	0.164830119375574	4
#4998D6	4	0.6	0.651515151515151	0.165150535342797	4
#4998D6	4	0.6	0.642332415059688	0.169129916346772	4
#4998D6	4	0.6	0.633397765917097	0.174012855831037	4
#4998D6	4	0.6	0.633149678604224	0.174150539232834	4
#4998D6	4	0.6	0.62396694214876	0.180093452871534	4
#4998D6	4	0.6	0.619900994300284	0.183195592286501	4
#4998D6	4	0.6	0.614784205693297	0.187326461653223	4
#4998D6	4	0.6	0.609304542961756	0.192378328741965	4
#4998D6	4	0.6	0.605601469237833	0.196101379785387	4
#4998D6	4	0.6	0.600692634142007	0.201561065197429	4
#4998D6	4	0.6	0.596418732782369	0.206899614958299	4
#4998D6	4	0.6	0.593550685082298	0.210743801652892	4
#4998D6	4	0.6	0.587588115612254	0.219926538108356	4
#4998D6	4	0.6	0.587235996326905	0.220538525316975	4
#4998D6	4	0.6	0.582458889410002	0.22910927456382	4
#4998D6	4	0.6	0.578185840420456	0.238292011019284	4
#4998D6	4	0.6	0.578053259871442	0.238615378717901	4
#4998D6	4	0.6	0.574406973660761	0.247474747474747	4
#4998D6	4	0.6	0.571235070329227	0.256657483930211	4
#4998D6	4	0.6	0.568870523415978	0.264755099604949	4
#4998D6	4	0.6	0.568542163864272	0.265840220385675	4
#4998D6	4	0.6	0.566123690873757	0.275022956841139	4
#4998D6	4	0.6	0.564097877230085	0.284205693296602	4
#4998D6	4	0.6	0.562414616690561	0.293388429752066	4
#4998D6	4	0.6	0.561041225707846	0.30257116620753	4
#4998D6	4	0.6	0.559959879546027	0.311753902662994	4
#4998D6	4	0.6	0.559687786960514	0.314891426028495	4
#4998D6	4	0.6	0.559122266596556	0.320936639118457	4
#4998D6	4	0.6	0.558580261337542	0.330119375573921	4
#4998D6	4	0.6	0.55836721580361	0.339302112029385	4
#4998D6	4	0.6	0.558498757506661	0.348484848484848	4
#4998D6	4	0.6	0.558992961519639	0.357667584940312	4
#4998D6	4	0.6	0.559687786960514	0.3649981546575	4
#4998D6	4	0.6	0.559854950947378	0.366850321395776	4
#4998D6	4	0.6	0.561036972304964	0.37603305785124	4
#4998D6	4	0.6	0.562589188129082	0.385215794306703	4
#4998D6	4	0.6	0.564499177930066	0.394398530762167	4
#4998D6	4	0.6	0.566732370868736	0.403581267217631	4
#4998D6	4	0.6	0.568870523415978	0.411514516939686	4
#4998D6	4	0.6	0.56920684558005	0.412764003673095	4
#4998D6	4	0.6	0.571726147631641	0.421946740128558	4
#4998D6	4	0.6	0.574235686326356	0.431129476584022	4
#4998D6	4	0.6	0.576528609213775	0.440312213039486	4
#4998D6	4	0.6	0.578053259871442	0.44807394387903	4
#4998D6	4	0.6	0.578337750060795	0.44949494949495	4
#4998D6	4	0.6	0.5793591575315	0.458677685950413	4
#4998D6	4	0.6	0.579342413172756	0.467860422405877	4
#4998D6	4	0.6	0.578053259871442	0.477033726249179	4
#4998D6	4	0.6	0.578051892168519	0.47704315886134	4
#4998D6	4	0.6	0.575344959303997	0.486225895316805	4
#4998D6	4	0.6	0.571317735078389	0.495408631772268	4
#4998D6	4	0.6	0.568870523415978	0.499732320655583	4
#4998D6	4	0.6	0.566163680480247	0.504591368227732	4
#4998D6	4	0.6	0.560281884860969	0.513774104683195	4
#4998D6	4	0.6	0.559687786960514	0.514611038136592	4
#4998D6	4	0.6	0.553957333437595	0.522956841138659	4
#4998D6	4	0.6	0.55050505050505	0.527886784405264	4
#4998D6	4	0.6	0.547597007979173	0.532139577594123	4
#4998D6	4	0.6	0.541473876720251	0.541322314049587	4
#4998D6	4	0.6	0.541322314049587	0.541553884757741	4
#4998D6	4	0.6	0.535508882741736	0.55050505050505	4
#4998D6	4	0.6	0.532139577594123	0.556170630070911	4
#4998D6	4	0.6	0.530005910983989	0.559687786960514	4
#4998D6	4	0.6	0.524877876299756	0.568870523415978	4
#4998D6	4	0.6	0.522956841138659	0.572682323351028	4
#4998D6	4	0.6	0.520075289497717	0.578053259871442	4
#4998D6	4	0.6	0.515685551536436	0.587235996326905	4
#4998D6	4	0.6	0.513774104683196	0.591763447817795	4
#4998D6	4	0.6	0.511563672273745	0.596418732782369	4
#4998D6	4	0.6	0.507718910127851	0.605601469237833	4
#4998D6	4	0.6	0.504591368227732	0.614324590254806	4
#4998D6	4	0.6	0.504392982290628	0.614784205693297	4
#4998D6	4	0.6	0.500970711393292	0.62396694214876	4
#4998D6	4	0.6	0.498143621131468	0.633149678604224	4
#4998D6	4	0.6	0.495919585227048	0.642332415059688	4
#4998D6	4	0.6	0.495408631772268	0.645339994787403	4
#448CC6	5	0.8	0.183195592286501	0.649825265689154	5
#448CC6	5	0.8	0.182671773346176	0.651515151515152	5
#448CC6	5	0.8	0.180291196375201	0.660697887970615	5
#448CC6	5	0.8	0.178426728349691	0.669880624426079	5
#448CC6	5	0.8	0.17701575520027	0.679063360881543	5
#448CC6	5	0.8	0.176011663603417	0.688246097337006	5
#448CC6	5	0.8	0.175381866732938	0.69742883379247	5
#448CC6	5	0.8	0.175106633975281	0.706611570247934	5
#448CC6	5	0.8	0.175178577358098	0.715794306703398	5
#448CC6	5	0.8	0.17560269687735	0.724977043158861	5
#448CC6	5	0.8	0.176396936212067	0.734159779614325	5
#448CC6	5	0.8	0.177593253156259	0.743342516069789	5
#448CC6	5	0.8	0.179239267379648	0.752525252525253	5
#448CC6	5	0.8	0.181400612911335	0.761707988980716	5
#448CC6	5	0.8	0.183195592286501	0.767792589677718	5
#448CC6	5	0.8	0.184082408081055	0.77089072543618	5
#448CC6	5	0.8	0.18727802234062	0.780073461891644	5
#448CC6	5	0.8	0.191281207702952	0.789256198347108	5
#448CC6	5	0.8	0.192378328741965	0.791420979174254	5
#448CC6	5	0.8	0.196068977418637	0.798438934802571	5
#448CC6	5	0.8	0.201561065197429	0.807042995118821	5
#448CC6	5	0.8	0.20196236801836	0.807621671258035	5
#448CC6	5	0.8	0.209196343378507	0.816804407713499	5
#448CC6	5	0.8	0.210743801652893	0.818543290131254	5
#448CC6	5	0.8	0.218410997769183	0.825987144168962	5
#448CC6	5	0.8	0.219926538108356	0.827334813683668	5
#448CC6	5	0.8	0.22910927456382	0.834113510858409	5
#448CC6	5	0.8	0.230925510961211	0.835169880624426	5
#448CC6	5	0.8	0.238292011019284	0.839335024012477	5
#448CC6	5	0.8	0.247474747474747	0.843098449148284	5
#448CC6	5	0.8	0.251979911898403	0.84435261707989	5
#448CC6	5	0.8	0.256657483930211	0.845694359638925	5
#448CC6	5	0.8	0.265840220385675	0.847210728330166	5
#448CC6	5	0.8	0.275022956841139	0.847658565246163	5
#448CC6	5	0.8	0.284205693296602	0.847098263916076	5
#448CC6	5	0.8	0.293388429752066	0.84554411620103	5
#448CC6	5	0.8	0.297710767201307	0.84435261707989	5
#448CC6	5	0.8	0.30257116620753	0.843089407700561	5
#448CC6	5	0.8	0.311753902662993	0.839751947458905	5
#448CC6	5	0.8	0.320936639118457	0.835332158829533	5
#448CC6	5	0.8	0.321221052915861	0.835169880624426	5
#448CC6	5	0.8	0.330119375573921	0.830115117979815	5
#448CC6	5	0.8	0.336156514535458	0.825987144168962	5
#448CC6	5	0.8	0.339302112029385	0.823784290128703	5
#448CC6	5	0.8	0.347966868418802	0.816804407713499	5
#448CC6	5	0.8	0.348484848484848	0.816364744320491	5
#448CC6	5	0.8	0.357667584940312	0.807774161224507	5
#448CC6	5	0.8	0.357820653965412	0.807621671258035	5
#448CC6	5	0.8	0.36630942121172	0.798438934802571	5
#448CC6	5	0.8	0.366850321395776	0.797788262165028	5
#448CC6	5	0.8	0.37376914326755	0.789256198347108	5
#448CC6	5	0.8	0.37603305785124	0.786062974893887	5
#448CC6	5	0.8	0.38032221303348	0.780073461891644	5
#448CC6	5	0.8	0.385215794306703	0.772065249805949	5
#448CC6	5	0.8	0.385965672255847	0.77089072543618	5
#448CC6	5	0.8	0.391109863424086	0.761707988980716	5
#448CC6	5	0.8	0.394398530762167	0.754598248157836	5
#448CC6	5	0.8	0.395444600154821	0.752525252525253	5
#448CC6	5	0.8	0.399386574654059	0.743342516069789	5
#448CC6	5	0.8	0.402546054146548	0.734159779614325	5
#448CC6	5	0.8	0.403581267217631	0.730408014868384	5
#448CC6	5	0.8	0.405306054016056	0.724977043158861	5
#448CC6	5	0.8	0.407549663844367	0.715794306703398	5
#448CC6	5	0.8	0.409136740716468	0.706611570247934	5
#448CC6	5	0.8	0.410099691298893	0.69742883379247	5
#448CC6	5	0.8	0.410448724646918	0.688246097337006	5
#448CC6	5	0.8	0.410173745020659	0.679063360881543	5
#448CC6	5	0.8	0.409245082494423	0.669880624426079	5
#448CC6	5	0.8	0.40761295249659	0.660697887970615	5
#448CC6	5	0.8	0.405205453432369	0.651515151515152	5
#448CC6	5	0.8	0.403581267217631	0.646872627711781	5
#448CC6	5	0.8	0.402184179702437	0.642332415059688	5
#448CC6	5	0.8	0.398565896837605	0.633149678604224	5
#448CC6	5	0.8	0.394398530762167	0.624809173800911	5
#448CC6	5	0.8	0.394007654870505	0.62396694214876	5
#448CC6	5	0.8	0.388942742604009	0.614784205693297	5
#448CC6	5	0.8	0.385215794306703	0.609181326221593	5
#448CC6	5	0.8	0.382880021778949	0.605601469237833	5
#448CC6	5	0.8	0.37603305785124	0.596692148622377	5
#448CC6	5	0.8	0.375817891020416	0.596418732782369	5
#448CC6	5	0.8	0.367645429172671	0.587235996326905	5
#448CC6	5	0.8	0.366850321395776	0.586433576446252	5
#448CC6	5	0.8	0.357850468012114	0.578053259871442	5
#448CC6	5	0.8	0.357667584940312	0.577896166180008	5
#448CC6	5	0.8	0.348484848484848	0.570755387738401	5
#448CC6	5	0.8	0.345619592406492	0.568870523415978	5
#448CC6	5	0.8	0.339302112029385	0.564868579556768	5
#448CC6	5	0.8	0.330119375573921	0.560212563799222	5
#448CC6	5	0.8	0.328811385069037	0.559687786960514	5
#448CC6	5	0.8	0.320936639118457	0.556499552934024	5
#448CC6	5	0.8	0.311753902662993	0.553853575746288	5
#448CC6	5	0.8	0.30257116620753	0.552212709485297	5
#448CC6	5	0.8	0.293388429752066	0.551512994697426	5
#448CC6	5	0.8	0.284205693296602	0.55172837256744	5
#448CC6	5	0.8	0.275022956841139	0.55287279723121	5
#448CC6	5	0.8	0.265840220385675	0.555004375229451	5
#448CC6	5	0.8	0.256657483930211	0.558232369823554	5
#448CC6	5	0.8	0.253548705305169	0.559687786960514	5
#448CC6	5	0.8	0.247474747474747	0.562490353923052	5
#448CC6	5	0.8	0.238292011019284	0.568027310358941	5
#448CC6	5	0.8	0.23712458733831	0.568870523415978	5
#448CC6	5	0.8	0.22910927456382	0.574863651305637	5
#448CC6	5	0.8	0.225522439523962	0.578053259871442	5
#448CC6	5	0.8	0.219926538108356	0.583377368055382	5
#448CC6	5	0.8	0.216353122951246	0.587235996326905	5
#448CC6	5	0.8	0.210743801652893	0.593936832220144	5
#448CC6	5	0.8	0.208832418741548	0.596418732782369	5
#448CC6	5	0.8	0.20254371584213	0.605601469237833	5
#448CC6	5	0.8	0.201561065197429	0.607224427163899	5
#448CC6	5	0.8	0.197131627089876	0.614784205693297	5
#448CC6	5	0.8	0.192646173777546	0.62396694214876	5
#448CC6	5	0.8	0.192378328741965	0.624592263539951	5
#448CC6	5	0.8	0.188656266529247	0.633149678604224	5
#448CC6	5	0.8	0.185381781580416	0.642332415059688	5
#448CC6	5	0.8	0.183195592286501	0.649825265689154	5
#448CC6	6	0.8	0.522956841138659	0.619140684486443	6
#448CC6	6	0.8	0.521616825260978	0.62396694214876	6
#448CC6	6	0.8	0.519685609489592	0.633149678604224	6
#448CC6	6	0.8	0.518388536518906	0.642332415059688	6
#448CC6	6	0.8	0.517747501842253	0.651515151515152	6
#448CC6	6	0.8	0.517809683978593	0.660697887970615	6
#448CC6	6	0.8	0.518650389107553	0.669880624426079	6
#448CC6	6	0.8	0.520377185638216	0.679063360881543	6
#448CC6	6	0.8	0.522956841138659	0.687684952380632	6
#448CC6	6	0.8	0.52310974265923	0.688246097337006	6
#448CC6	6	0.8	0.526496400946603	0.69742883379247	6
#448CC6	6	0.8	0.531094444702732	0.706611570247934	6
#448CC6	6	0.8	0.532139577594123	0.708319809677152	6
#448CC6	6	0.8	0.53650625286749	0.715794306703398	6
#448CC6	6	0.8	0.541322314049587	0.722522024370464	6
#448CC6	6	0.8	0.543056499191071	0.724977043158861	6
#448CC6	6	0.8	0.55050505050505	0.734009096564059	6
#448CC6	6	0.8	0.550631637293596	0.734159779614325	6
#448CC6	6	0.8	0.559251775171194	0.743342516069789	6
#448CC6	6	0.8	0.559687786960514	0.743765576656039	6
#448CC6	6	0.8	0.568870523415978	0.752243419509997	6
#448CC6	6	0.8	0.569200862357011	0.752525252525253	6
#448CC6	6	0.8	0.578053259871442	0.759669970074811	6
#448CC6	6	0.8	0.580896787484956	0.761707988980716	6
#448CC6	6	0.8	0.587235996326905	0.766111649822002	6
#448CC6	6	0.8	0.59529150404026	0.77089072543618	6
#448CC6	6	0.8	0.596418732782369	0.771553120096068	6
#448CC6	6	0.8	0.605601469237833	0.776164749296614	6
#448CC6	6	0.8	0.614784205693297	0.779771273378734	6
#448CC6	6	0.8	0.61580054718463	0.780073461891644	6
#448CC6	6	0.8	0.62396694214876	0.782579833489723	6
#448CC6	6	0.8	0.633149678604224	0.784447903705968	6
#448CC6	6	0.8	0.642332415059688	0.785378632485559	6
#448CC6	6	0.8	0.651515151515151	0.785361089124755	6
#448CC6	6	0.8	0.660697887970615	0.78434858939839	6
#448CC6	6	0.8	0.669880624426079	0.78225435851133	6
#448CC6	6	0.8	0.676042844541704	0.780073461891644	6
#448CC6	6	0.8	0.679063360881543	0.778988361266727	6
#448CC6	6	0.8	0.688246097337006	0.774439386083668	6
#448CC6	6	0.8	0.693705404070476	0.77089072543618	6
#448CC6	6	0.8	0.69742883379247	0.768316024151472	6
#448CC6	6	0.8	0.705135030441444	0.761707988980716	6
#448CC6	6	0.8	0.706611570247934	0.76032031015236	6
#448CC6	6	0.8	0.713700155913482	0.752525252525253	6
#448CC6	6	0.8	0.715794306703398	0.74992791134195	6
#448CC6	6	0.8	0.720558049604941	0.743342516069789	6
#448CC6	6	0.8	0.724977043158861	0.736264962065845	6
#448CC6	6	0.8	0.726207161044016	0.734159779614325	6
#448CC6	6	0.8	0.73096499660888	0.724977043158861	6
#448CC6	6	0.8	0.734159779614325	0.717696322393267	6
#448CC6	6	0.8	0.73497904083761	0.715794306703398	6
#448CC6	6	0.8	0.738475593488797	0.706611570247934	6
#448CC6	6	0.8	0.741417539205838	0.69742883379247	6
#448CC6	6	0.8	0.743342516069789	0.690325495668567	6
#448CC6	6	0.8	0.743924286593998	0.688246097337006	6
#448CC6	6	0.8	0.746130966353278	0.679063360881543	6
#448CC6	6	0.8	0.747944517492134	0.669880624426079	6
#448CC6	6	0.8	0.74939977617898	0.660697887970615	6
#448CC6	6	0.8	0.750523921614716	0.651515151515152	6
#448CC6	6	0.8	0.751339634626518	0.642332415059688	6
#448CC6	6	0.8	0.75186807709286	0.633149678604224	6
#448CC6	6	0.8	0.752131746034911	0.62396694214876	6
#448CC6	6	0.8	0.752157246785649	0.614784205693297	6
#448CC6	6	0.8	0.751978025615172	0.605601469237833	6
#448CC6	6	0.8	0.751637099032309	0.596418732782369	6
#448CC6	6	0.8	0.751189802612595	0.587235996326905	6
#448CC6	6	0.8	0.750706529280668	0.578053259871442	6
#448CC6	6	0.8	0.750275284450074	0.568870523415978	6
#448CC6	6	0.8	0.750003573477222	0.559687786960514	6
#448CC6	6	0.8	0.750018558453677	0.55050505050505	6
#448CC6	6	0.8	0.750463522947116	0.541322314049587	6
#448CC6	6	0.8	0.751487623629802	0.532139577594123	6
#448CC6	6	0.8	0.752525252525252	0.526497081536393	6
#448CC6	6	0.8	0.753208257983891	0.522956841138659	6
#448CC6	6	0.8	0.755626810127417	0.513774104683195	6
#448CC6	6	0.8	0.75870912278773	0.504591368227732	6
#448CC6	6	0.8	0.761707988980716	0.496919223079511	6
#448CC6	6	0.8	0.762281922512057	0.495408631772268	6
#448CC6	6	0.8	0.76592350521029	0.486225895316805	6
#448CC6	6	0.8	0.76952509823075	0.47704315886134	6
#448CC6	6	0.8	0.77089072543618	0.473347205665251	6
#448CC6	6	0.8	0.772779034133837	0.467860422405877	6
#448CC6	6	0.8	0.775590880109527	0.458677685950413	6
#448CC6	6	0.8	0.777983064446614	0.44949494949495	6
#448CC6	6	0.8	0.779970986487192	0.440312213039486	6
#448CC6	6	0.8	0.780073461891644	0.439757870980911	6
#448CC6	6	0.8	0.781585452528283	0.431129476584022	6
#448CC6	6	0.8	0.782960585768316	0.421946740128558	6
#448CC6	6	0.8	0.784194187488807	0.412764003673095	6
#448CC6	6	0.8	0.785379775288018	0.403581267217631	6
#448CC6	6	0.8	0.786599550523018	0.394398530762167	6
#448CC6	6	0.8	0.787917177658275	0.385215794306703	6
#448CC6	6	0.8	0.789256198347107	0.376784027139369	6
#448CC6	6	0.8	0.7893751774857	0.37603305785124	6
#448CC6	6	0.8	0.791017191667969	0.366850321395776	6
#448CC6	6	0.8	0.792801775562971	0.357667584940312	6
#448CC6	6	0.8	0.7946881319136	0.348484848484848	6
#448CC6	6	0.8	0.796615579785587	0.339302112029385	6
#448CC6	6	0.8	0.798438934802571	0.330468511605664	6
#448CC6	6	0.8	0.798512387964371	0.330119375573921	6
#448CC6	6	0.8	0.800357337876748	0.320936639118457	6
#448CC6	6	0.8	0.801992008566697	0.311753902662994	6
#448CC6	6	0.8	0.803331050400437	0.30257116620753	6
#448CC6	6	0.8	0.804291859862965	0.293388429752066	6
#448CC6	6	0.8	0.804793420455048	0.284205693296602	6
#448CC6	6	0.8	0.804753466556556	0.275022956841139	6
#448CC6	6	0.8	0.804084324276918	0.265840220385675	6
#448CC6	6	0.8	0.802687643981863	0.256657483930211	6
#448CC6	6	0.8	0.800448045780257	0.247474747474747	6
#448CC6	6	0.8	0.798438934802571	0.241653862765399	6
#448CC6	6	0.8	0.79726394900545	0.238292011019284	6
#448CC6	6	0.8	0.793022709320034	0.22910927456382	6
#448CC6	6	0.8	0.789256198347107	0.22277092818767	6
#448CC6	6	0.8	0.787467392255917	0.219926538108356	6
#448CC6	6	0.8	0.780365686074285	0.210743801652892	6
#448CC6	6	0.8	0.780073461891644	0.210419100441703	6
#448CC6	6	0.8	0.771225629794075	0.201561065197429	6
#448CC6	6	0.8	0.77089072543618	0.201266162121162	6
#448CC6	6	0.8	0.761707988980716	0.19410930557389	6
#448CC6	6	0.8	0.759076986692093	0.192378328741965	6
#448CC6	6	0.8	0.752525252525252	0.188383191713137	6
#448CC6	6	0.8	0.743342516069789	0.183849620075646	6
#448CC6	6	0.8	0.741695485292262	0.183195592286501	6
#448CC6	6	0.8	0.734159779614325	0.180280640432189	6
#448CC6	6	0.8	0.724977043158861	0.177618825334702	6
#448CC6	6	0.8	0.715794306703398	0.175793041987283	6
#448CC6	6	0.8	0.706611570247934	0.174747408296845	6
#448CC6	6	0.8	0.69742883379247	0.174451038623481	6
#448CC6	6	0.8	0.688246097337006	0.174896237315697	6
#448CC6	6	0.8	0.679063360881543	0.176098212644305	6
#448CC6	6	0.8	0.669880624426079	0.178096469012602	6
#448CC6	6	0.8	0.660697887970615	0.180958121105624	6
#448CC6	6	0.8	0.655221580764144	0.183195592286501	6
#448CC6	6	0.8	0.651515151515151	0.184733213051184	6
#448CC6	6	0.8	0.642332415059688	0.189498936391688	6
#448CC6	6	0.8	0.637775069103806	0.192378328741965	6
#448CC6	6	0.8	0.633149678604224	0.195464480390569	6
#448CC6	6	0.8	0.625463927073851	0.201561065197429	6
#448CC6	6	0.8	0.62396694214876	0.202852302208342	6
#448CC6	6	0.8	0.615980628181339	0.210743801652892	6
#448CC6	6	0.8	0.614784205693297	0.212066161765923	6
#448CC6	6	0.8	0.608365357321627	0.219926538108356	6
#448CC6	6	0.8	0.605601469237833	0.223814435276494	6
#448CC6	6	0.8	0.602097750723822	0.22910927456382	6
#448CC6	6	0.8	0.596905650301208	0.238292011019284	6
#448CC6	6	0.8	0.596418732782369	0.239280986061642	6
#448CC6	6	0.8	0.592522886391211	0.247474747474747	6
#448CC6	6	0.8	0.588863853822996	0.256657483930211	6
#448CC6	6	0.8	0.587235996326905	0.26146829148306	6
#448CC6	6	0.8	0.585760343649742	0.265840220385675	6
#448CC6	6	0.8	0.583133839767745	0.275022956841139	6
#448CC6	6	0.8	0.580958514424319	0.284205693296602	6
#448CC6	6	0.8	0.579176777177841	0.293388429752066	6
#448CC6	6	0.8	0.578053259871442	0.300613064661499	6
#448CC6	6	0.8	0.577738918095904	0.30257116620753	6
#448CC6	6	0.8	0.576609936706671	0.311753902662994	6
#448CC6	6	0.8	0.575829334816049	0.320936639118457	6
#448CC6	6	0.8	0.575400383753299	0.330119375573921	6
#448CC6	6	0.8	0.575336280990069	0.339302112029385	6
#448CC6	6	0.8	0.575657067376643	0.348484848484848	6
#448CC6	6	0.8	0.576386236504149	0.357667584940312	6
#448CC6	6	0.8	0.577546978022057	0.366850321395776	6
#448CC6	6	0.8	0.578053259871442	0.369791676868224	6
#448CC6	6	0.8	0.57913270730615	0.37603305785124	6
#448CC6	6	0.8	0.581155575112609	0.385215794306703	6
#448CC6	6	0.8	0.583618065475625	0.394398530762167	6
#448CC6	6	0.8	0.586486946526927	0.403581267217631	6
#448CC6	6	0.8	0.587235996326905	0.405798965172373	6
#448CC6	6	0.8	0.589690815190125	0.412764003673095	6
#448CC6	6	0.8	0.593114200981544	0.421946740128558	6
#448CC6	6	0.8	0.596418732782369	0.430694795830834	6
#448CC6	6	0.8	0.596594121373617	0.431129476584022	6
#448CC6	6	0.8	0.599953405105423	0.440312213039486	6
#448CC6	6	0.8	0.60283274776844	0.44949494949495	6
#448CC6	6	0.8	0.604884371216725	0.458677685950413	6
#448CC6	6	0.8	0.605601469237833	0.466491110796111	6
#448CC6	6	0.8	0.60573795192165	0.467860422405877	6
#448CC6	6	0.8	0.605601469237833	0.469579310288243	6
#448CC6	6	0.8	0.605019386902386	0.47704315886134	6
#448CC6	6	0.8	0.602480875469066	0.486225895316805	6
#448CC6	6	0.8	0.598009468635716	0.495408631772268	6
#448CC6	6	0.8	0.596418732782369	0.49771348771164	6
#448CC6	6	0.8	0.591969670742523	0.504591368227732	6
#448CC6	6	0.8	0.587235996326905	0.510517585573766	6
#448CC6	6	0.8	0.5848142651794	0.513774104683195	6
#448CC6	6	0.8	0.578053259871442	0.521828956396013	6
#448CC6	6	0.8	0.577172618547009	0.522956841138659	6
#448CC6	6	0.8	0.569551580527155	0.532139577594123	6
#448CC6	6	0.8	0.568870523415978	0.532939376470546	6
#448CC6	6	0.8	0.562247332373231	0.541322314049587	6
#448CC6	6	0.8	0.559687786960514	0.544658291111501	6
#448CC6	6	0.8	0.555442880356482	0.55050505050505	6
#448CC6	6	0.8	0.55050505050505	0.557802710404622	6
#448CC6	6	0.8	0.549267105057472	0.559687786960514	6
#448CC6	6	0.8	0.543661744982431	0.568870523415978	6
#448CC6	6	0.8	0.541322314049587	0.573168585544885	6
#448CC6	6	0.8	0.538644043252293	0.578053259871442	6
#448CC6	6	0.8	0.534215388808705	0.587235996326905	6
#448CC6	6	0.8	0.532139577594123	0.592230762412223	6
#448CC6	6	0.8	0.530301420315407	0.596418732782369	6
#448CC6	6	0.8	0.526850625947827	0.605601469237833	6
#448CC6	6	0.8	0.524027463512454	0.614784205693297	6
#448CC6	6	0.8	0.522956841138659	0.619140684486443	6
#3E80B6	7	1	0.192378328741965	0.656723543047123	7
#3E80B6	7	1	0.191275392161633	0.660697887970615	7
#3E80B6	7	1	0.189232926146843	0.669880624426079	7
#3E80B6	7	1	0.187694442022684	0.679063360881543	7
#3E80B6	7	1	0.186609836082299	0.688246097337006	7
#3E80B6	7	1	0.185944922603627	0.69742883379247	7
#3E80B6	7	1	0.185680133243091	0.706611570247934	7
#3E80B6	7	1	0.185809951261588	0.715794306703398	7
#3E80B6	7	1	0.186342985611381	0.724977043158861	7
#3E80B6	7	1	0.187302643806628	0.734159779614325	7
#3E80B6	7	1	0.188728419577454	0.743342516069789	7
#3E80B6	7	1	0.190677874165029	0.752525252525253	7
#3E80B6	7	1	0.192378328741965	0.758749434382339	7
#3E80B6	7	1	0.193177267374154	0.761707988980716	7
#3E80B6	7	1	0.196245106835688	0.77089072543618	7
#3E80B6	7	1	0.200121548972278	0.780073461891644	7
#3E80B6	7	1	0.201561065197429	0.7829576274365	7
#3E80B6	7	1	0.2048911130096	0.789256198347108	7
#3E80B6	7	1	0.210743801652893	0.798340946442291	7
#3E80B6	7	1	0.210814064808112	0.798438934802571	7
#3E80B6	7	1	0.21831835132791	0.807621671258035	7
#3E80B6	7	1	0.219926538108356	0.809351576235348	7
#3E80B6	7	1	0.228192869636278	0.816804407713499	7
#3E80B6	7	1	0.22910927456382	0.817560763360315	7
#3E80B6	7	1	0.238292011019284	0.823715013293418	7
#3E80B6	7	1	0.242883844525782	0.825987144168962	7
#3E80B6	7	1	0.247474747474747	0.828195631900868	7
#3E80B6	7	1	0.256657483930211	0.831262818410142	7
#3E80B6	7	1	0.265840220385675	0.833031542754128	7
#3E80B6	7	1	0.275022956841139	0.833641784858529	7
#3E80B6	7	1	0.284205693296602	0.833173812385062	7
#3E80B6	7	1	0.293388429752066	0.831656212610151	7
#3E80B6	7	1	0.30257116620753	0.829070387010715	7
#3E80B6	7	1	0.310243650250628	0.825987144168962	7
#3E80B6	7	1	0.311753902662993	0.825389458223908	7
#3E80B6	7	1	0.320936639118457	0.82072715511209	7
#3E80B6	7	1	0.327128239664595	0.816804407713499	7
#3E80B6	7	1	0.330119375573921	0.814856144644888	7
#3E80B6	7	1	0.339302112029385	0.807747852705592	7
#3E80B6	7	1	0.339448328314895	0.807621671258035	7
#3E80B6	7	1	0.348484848484848	0.79926114262468	7
#3E80B6	7	1	0.349295560051259	0.798438934802571	7
#3E80B6	7	1	0.357515622717278	0.789256198347108	7
#3E80B6	7	1	0.357667584940312	0.789067061914387	7
#3E80B6	7	1	0.364575976702301	0.780073461891644	7
#3E80B6	7	1	0.366850321395776	0.776645549811958	7
#3E80B6	7	1	0.3706396454388	0.77089072543618	7
#3E80B6	7	1	0.375739085976024	0.761707988980716	7
#3E80B6	7	1	0.37603305785124	0.761094679862161	7
#3E80B6	7	1	0.380296063789957	0.752525252525253	7
#3E80B6	7	1	0.384005280781117	0.743342516069789	7
#3E80B6	7	1	0.385215794306703	0.739687796120931	7
#3E80B6	7	1	0.38720114434513	0.734159779614325	7
#3E80B6	7	1	0.389824730467322	0.724977043158861	7
#3E80B6	7	1	0.391798035644772	0.715794306703398	7
#3E80B6	7	1	0.393177142214815	0.706611570247934	7
#3E80B6	7	1	0.393994406333721	0.69742883379247	7
#3E80B6	7	1	0.394260615832486	0.688246097337006	7
#3E80B6	7	1	0.393966272943881	0.679063360881543	7
#3E80B6	7	1	0.39308203082002	0.669880624426079	7
#3E80B6	7	1	0.391558226736782	0.660697887970615	7
#3E80B6	7	1	0.38932337144148	0.651515151515152	7
#3E80B6	7	1	0.386281366224232	0.642332415059688	7
#3E80B6	7	1	0.385215794306703	0.639770790514104	7
#3E80B6	7	1	0.382609245384354	0.633149678604224	7
#3E80B6	7	1	0.378054879303805	0.62396694214876	7
#3E80B6	7	1	0.37603305785124	0.620569154852983	7
#3E80B6	7	1	0.37259273721	0.614784205693297	7
#3E80B6	7	1	0.366850321395776	0.606759707828101	7
#3E80B6	7	1	0.365984277781733	0.605601469237833	7
#3E80B6	7	1	0.358053947549229	0.596418732782369	7
#3E80B6	7	1	0.357667584940312	0.596018964336467	7
#3E80B6	7	1	0.348484848484848	0.587433074299672	7
#3E80B6	7	1	0.348242465617879	0.587235996326905	7
#3E80B6	7	1	0.339302112029385	0.580510228333258	7
#3E80B6	7	1	0.335289673976332	0.578053259871442	7
#3E80B6	7	1	0.330119375573921	0.575020559305512	7
#3E80B6	7	1	0.320936639118457	0.570827333845227	7
#3E80B6	7	1	0.314984248060902	0.568870523415978	7
#3E80B6	7	1	0.311753902662993	0.567801085947401	7
#3E80B6	7	1	0.30257116620753	0.565828776766629	7
#3E80B6	7	1	0.293388429752066	0.564947647221252	7
#3E80B6	7	1	0.284205693296602	0.565125167414507	7
#3E80B6	7	1	0.275022956841139	0.566375302436069	7
#3E80B6	7	1	0.265840220385675	0.568763132976797	7
#3E80B6	7	1	0.265556959804049	0.568870523415978	7
#3E80B6	7	1	0.256657483930211	0.572191111902835	7
#3E80B6	7	1	0.247474747474747	0.576972137905519	7
#3E80B6	7	1	0.245814974780258	0.578053259871442	7
#3E80B6	7	1	0.238292011019284	0.583120950753632	7
#3E80B6	7	1	0.233333164965875	0.587235996326905	7
#3E80B6	7	1	0.22910927456382	0.590985268229762	7
#3E80B6	7	1	0.22386678045127	0.596418732782369	7
#3E80B6	7	1	0.219926538108356	0.600939846354699	7
#3E80B6	7	1	0.216277542762974	0.605601469237833	7
#3E80B6	7	1	0.210743801652893	0.613705993194896	7
#3E80B6	7	1	0.210053099178368	0.614784205693297	7
#3E80B6	7	1	0.204818514299835	0.62396694214876	7
#3E80B6	7	1	0.201561065197429	0.630822914110664	7
#3E80B6	7	1	0.200470439937929	0.633149678604224	7
#3E80B6	7	1	0.196763846885273	0.642332415059688	7
#3E80B6	7	1	0.193764203403251	0.651515151515152	7
#3E80B6	7	1	0.192378328741965	0.656723543047123	7
#3E80B6	8	1	0.541322314049587	0.608137919185221	8
#3E80B6	8	1	0.539206758434537	0.614784205693297	8
#3E80B6	8	1	0.5369567996928	0.62396694214876	8
#3E80B6	8	1	0.535374021806824	0.633149678604224	8
#3E80B6	8	1	0.534450254468496	0.642332415059688	8
#3E80B6	8	1	0.534199130110815	0.651515151515152	8
#3E80B6	8	1	0.534657033517974	0.660697887970615	8
#3E80B6	8	1	0.535884420870299	0.669880624426079	8
#3E80B6	8	1	0.537967722029976	0.679063360881543	8
#3E80B6	8	1	0.541022062461138	0.688246097337006	8
#3E80B6	8	1	0.541322314049587	0.68894882032139	8
#3E80B6	8	1	0.544844634595507	0.69742883379247	8
#3E80B6	8	1	0.549795418432744	0.706611570247934	8
#3E80B6	8	1	0.55050505050505	0.707723786511036	8
#3E80B6	8	1	0.55571093989046	0.715794306703398	8
#3E80B6	8	1	0.559687786960514	0.721002281637126	8
#3E80B6	8	1	0.562860282884649	0.724977043158861	8
#3E80B6	8	1	0.568870523415978	0.731620451194191	8
#3E80B6	8	1	0.5713552631298	0.734159779614325	8
#3E80B6	8	1	0.578053259871442	0.740420185035145	8
#3E80B6	8	1	0.581559415488867	0.743342516069789	8
#3E80B6	8	1	0.587235996326905	0.747803942300232	8
#3E80B6	8	1	0.594245361616678	0.752525252525253	8
#3E80B6	8	1	0.596418732782369	0.753942600050269	8
#3E80B6	8	1	0.605601469237833	0.758978252643878	8
#3E80B6	8	1	0.611958858409372	0.761707988980716	8
#3E80B6	8	1	0.614784205693297	0.762924042997572	8
#3E80B6	8	1	0.62396694214876	0.765862773027146	8
#3E80B6	8	1	0.633149678604224	0.767734425986347	8
#3E80B6	8	1	0.642332415059688	0.768550043466025	8
#3E80B6	8	1	0.651515151515151	0.768281555023063	8
#3E80B6	8	1	0.660697887970615	0.766857881783447	8
#3E80B6	8	1	0.669880624426079	0.764159517591685	8
#3E80B6	8	1	0.675439513017449	0.761707988980716	8
#3E80B6	8	1	0.679063360881543	0.760038388392676	8
#3E80B6	8	1	0.688246097337006	0.754268661480836	8
#3E80B6	8	1	0.690444528251944	0.752525252525253	8
#3E80B6	8	1	0.69742883379247	0.746462152454637	8
#3E80B6	8	1	0.700411198422267	0.743342516069789	8
#3E80B6	8	1	0.706611570247934	0.736029814271	8
#3E80B6	8	1	0.708002325043372	0.734159779614325	8
#3E80B6	8	1	0.714035201068167	0.724977043158861	8
#3E80B6	8	1	0.715794306703398	0.721878572315295	8
#3E80B6	8	1	0.719005658379132	0.715794306703398	8
#3E80B6	8	1	0.723128314972868	0.706611570247934	8
#3E80B6	8	1	0.724977043158861	0.701763263173439	8
#3E80B6	8	1	0.726592460863952	0.69742883379247	8
#3E80B6	8	1	0.729503245042299	0.688246097337006	8
#3E80B6	8	1	0.731887781839396	0.679063360881543	8
#3E80B6	8	1	0.733803354318355	0.669880624426079	8
#3E80B6	8	1	0.734159779614325	0.667710575477971	8
#3E80B6	8	1	0.735356448393685	0.660697887970615	8
#3E80B6	8	1	0.736512701518315	0.651515151515152	8
#3E80B6	8	1	0.73727514902358	0.642332415059688	8
#3E80B6	8	1	0.737662011767987	0.633149678604224	8
#3E80B6	8	1	0.737689426926251	0.62396694214876	8
#3E80B6	8	1	0.737373901022614	0.614784205693297	8
#3E80B6	8	1	0.736734717515279	0.605601469237833	8
#3E80B6	8	1	0.735796433462319	0.596418732782369	8
#3E80B6	8	1	0.734591663183624	0.587235996326905	8
#3E80B6	8	1	0.734159779614325	0.584337849186487	8
#3E80B6	8	1	0.733190747153902	0.578053259871442	8
#3E80B6	8	1	0.731621042251538	0.568870523415978	8
#3E80B6	8	1	0.729935337543673	0.559687786960514	8
#3E80B6	8	1	0.72822853516482	0.55050505050505	8
#3E80B6	8	1	0.726634281493309	0.541322314049587	8
#3E80B6	8	1	0.725337639604214	0.532139577594123	8
#3E80B6	8	1	0.724977043158861	0.527479756066349	8
#3E80B6	8	1	0.724552167997272	0.522956841138659	8
#3E80B6	8	1	0.724648047307225	0.513774104683195	8
#3E80B6	8	1	0.724977043158861	0.511472873760248	8
#3E80B6	8	1	0.725956997914689	0.504591368227732	8
#3E80B6	8	1	0.728679171729478	0.495408631772268	8
#3E80B6	8	1	0.732923555374884	0.486225895316805	8
#3E80B6	8	1	0.734159779614325	0.484105461130735	8
#3E80B6	8	1	0.737754962052391	0.47704315886134	8
#3E80B6	8	1	0.742889342185965	0.467860422405877	8
#3E80B6	8	1	0.743342516069789	0.467065906680306	8
#3E80B6	8	1	0.747386177168381	0.458677685950413	8
#3E80B6	8	1	0.751493824436317	0.44949494949495	8
#3E80B6	8	1	0.752525252525252	0.446968449633239	8
#3E80B6	8	1	0.754868182365201	0.440312213039486	8
#3E80B6	8	1	0.757713652623485	0.431129476584022	8
#3E80B6	8	1	0.760186811257918	0.421946740128558	8
#3E80B6	8	1	0.761707988980716	0.415658040319141	8
#3E80B6	8	1	0.76234238552992	0.412764003673095	8
#3E80B6	8	1	0.764263115057248	0.403581267217631	8
#3E80B6	8	1	0.766128197884433	0.394398530762167	8
#3E80B6	8	1	0.768013311112874	0.385215794306703	8
#3E80B6	8	1	0.769973188437893	0.37603305785124	8
#3E80B6	8	1	0.77089072543618	0.372004370944067	8
#3E80B6	8	1	0.77201802299589	0.366850321395776	8
#3E80B6	8	1	0.774151666562232	0.357667584940312	8
#3E80B6	8	1	0.776359439073584	0.348484848484848	8
#3E80B6	8	1	0.778586388356804	0.339302112029385	8
#3E80B6	8	1	0.780073461891644	0.33304605913979	8
#3E80B6	8	1	0.780757978051109	0.330119375573921	8
#3E80B6	8	1	0.782781664481023	0.320936639118457	8
#3E80B6	8	1	0.784560400504517	0.311753902662994	8
#3E80B6	8	1	0.785997042650793	0.30257116620753	8
#3E80B6	8	1	0.786994759854942	0.293388429752066	8
#3E80B6	8	1	0.787456817995299	0.284205693296602	8
#3E80B6	8	1	0.787284170633873	0.275022956841139	8
#3E80B6	8	1	0.786371134648535	0.265840220385675	8
#3E80B6	8	1	0.784599414094552	0.256657483930211	8
#3E80B6	8	1	0.781830598683438	0.247474747474747	8
#3E80B6	8	1	0.780073461891644	0.243270081612415	8
#3E80B6	8	1	0.777870909650837	0.238292011019284	8
#3E80B6	8	1	0.772498203206497	0.22910927456382	8
#3E80B6	8	1	0.77089072543618	0.226897628644036	8
#3E80B6	8	1	0.765254621783365	0.219926538108356	8
#3E80B6	8	1	0.761707988980716	0.216280915129666	8
#3E80B6	8	1	0.755456303113655	0.210743801652892	8
#3E80B6	8	1	0.752525252525252	0.208479429660227	8
#3E80B6	8	1	0.743342516069789	0.202592733644132	8
#3E80B6	8	1	0.741333543882022	0.201561065197429	8
#3E80B6	8	1	0.734159779614325	0.198164784749011	8
#3E80B6	8	1	0.724977043158861	0.194910363027539	8
#3E80B6	8	1	0.715794306703398	0.192684662067464	8
#3E80B6	8	1	0.713613552112239	0.192378328741965	8
#3E80B6	8	1	0.706611570247934	0.191412209771073	8
#3E80B6	8	1	0.69742883379247	0.191043595532381	8
#3E80B6	8	1	0.688246097337006	0.191564193849326	8
#3E80B6	8	1	0.682963276884922	0.192378328741965	8
#3E80B6	8	1	0.679063360881543	0.192985670046173	8
#3E80B6	8	1	0.669880624426079	0.195341665551579	8
#3E80B6	8	1	0.660697887970615	0.198705771642859	8
#3E80B6	8	1	0.654756974547319	0.201561065197429	8
#3E80B6	8	1	0.651515151515151	0.203210520594475	8
#3E80B6	8	1	0.642332415059688	0.209029696579977	8
#3E80B6	8	1	0.640070320977206	0.210743801652892	8
#3E80B6	8	1	0.633149678604224	0.216505031132437	8
#3E80B6	8	1	0.629619851302901	0.219926538108356	8
#3E80B6	8	1	0.62396694214876	0.226112222573183	8
#3E80B6	8	1	0.621528450821516	0.22910927456382	8
#3E80B6	8	1	0.615059539518397	0.238292011019284	8
#3E80B6	8	1	0.614784205693297	0.238742962419795	8
#3E80B6	8	1	0.609843873931953	0.247474747474747	8
#3E80B6	8	1	0.605601469237833	0.25647756188852	8
#3E80B6	8	1	0.605520659291573	0.256657483930211	8
#3E80B6	8	1	0.601981471016065	0.265840220385675	8
#3E80B6	8	1	0.599062272517535	0.275022956841139	8
#3E80B6	8	1	0.596670342414047	0.284205693296602	8
#3E80B6	8	1	0.596418732782369	0.285396325872821	8
#3E80B6	8	1	0.594747299445989	0.293388429752066	8
#3E80B6	8	1	0.593255045982154	0.30257116620753	8
#3E80B6	8	1	0.592166372029132	0.311753902662994	8
#3E80B6	8	1	0.591471927619551	0.320936639118457	8
#3E80B6	8	1	0.591177308973841	0.330119375573921	8
#3E80B6	8	1	0.591299892994131	0.339302112029385	8
#3E80B6	8	1	0.591865182449876	0.348484848484848	8
#3E80B6	8	1	0.592902671811671	0.357667584940312	8
#3E80B6	8	1	0.594441288820668	0.366850321395776	8
#3E80B6	8	1	0.596418732782369	0.375662064477865	8
#3E80B6	8	1	0.596506730584784	0.37603305785124	8
#3E80B6	8	1	0.59917552130349	0.385215794306703	8
#3E80B6	8	1	0.602382577438239	0.394398530762167	8
#3E80B6	8	1	0.605601469237833	0.402411824798769	8
#3E80B6	8	1	0.60611425827932	0.403581267217631	8
#3E80B6	8	1	0.610443355432259	0.412764003673095	8
#3E80B6	8	1	0.614784205693297	0.421402355709785	8
#3E80B6	8	1	0.615090114888187	0.421946740128558	8
#3E80B6	8	1	0.620155532949765	0.431129476584022	8
#3E80B6	8	1	0.62396694214876	0.438344363140982	8
#3E80B6	8	1	0.625156023853883	0.440312213039486	8
#3E80B6	8	1	0.629977805773102	0.44949494949495	8
#3E80B6	8	1	0.633149678604224	0.457066689149275	8
#3E80B6	8	1	0.633947399078857	0.458677685950413	8
#3E80B6	8	1	0.636770649607485	0.467860422405877	8
#3E80B6	8	1	0.637473051503721	0.47704315886134	8
#3E80B6	8	1	0.635342739793985	0.486225895316805	8
#3E80B6	8	1	0.633149678604224	0.489831673057544	8
#3E80B6	8	1	0.630087956026472	0.495408631772268	8
#3E80B6	8	1	0.62396694214876	0.502087434630633	8
#3E80B6	8	1	0.621915794107228	0.504591368227732	8
#3E80B6	8	1	0.614784205693297	0.510990498477459	8
#3E80B6	8	1	0.61204893316009	0.513774104683195	8
#3E80B6	8	1	0.605601469237833	0.519175246634516	8
#3E80B6	8	1	0.60165700400054	0.522956841138659	8
#3E80B6	8	1	0.596418732782369	0.527427146017246	8
#3E80B6	8	1	0.59159339278736	0.532139577594123	8
#3E80B6	8	1	0.587235996326905	0.536167000784737	8
#3E80B6	8	1	0.582313684066124	0.541322314049587	8
#3E80B6	8	1	0.578053259871442	0.545770597547598	8
#3E80B6	8	1	0.573977735123885	0.55050505050505	8
#3E80B6	8	1	0.568870523415978	0.556699386600089	8
#3E80B6	8	1	0.566600586415716	0.559687786960514	8
#3E80B6	8	1	0.560159643563332	0.568870523415978	8
#3E80B6	8	1	0.559687786960514	0.569605774055574	8
#3E80B6	8	1	0.554518594172059	0.578053259871442	8
#3E80B6	8	1	0.55050505050505	0.585681936172875	8
#3E80B6	8	1	0.549697110177998	0.587235996326905	8
#3E80B6	8	1	0.545515331992139	0.596418732782369	8
#3E80B6	8	1	0.542091872294127	0.605601469237833	8
#3E80B6	8	1	0.541322314049587	0.608137919185221	8
#3875A7	9	1.2	0.201561065197429	0.659350033590488	9
#3875A7	9	1.2	0.201160041078463	0.660697887970615	9
#3875A7	9	1.2	0.198951180741258	0.669880624426079	9
#3875A7	9	1.2	0.197296551527853	0.679063360881543	9
#3875A7	9	1.2	0.196142892772454	0.688246097337006	9
#3875A7	9	1.2	0.195454700986558	0.69742883379247	9
#3875A7	9	1.2	0.195212846325424	0.706611570247934	9
#3875A7	9	1.2	0.195414004418038	0.715794306703398	9
#3875A7	9	1.2	0.196070812137319	0.724977043158861	9
#3875A7	9	1.2	0.197212714316299	0.734159779614325	9
#3875A7	9	1.2	0.198887530095105	0.743342516069789	9
#3875A7	9	1.2	0.201163835685434	0.752525252525253	9
#3875A7	9	1.2	0.201561065197429	0.753812192484614	9
#3875A7	9	1.2	0.204049833456007	0.761707988980716	9
#3875A7	9	1.2	0.207729191951339	0.77089072543618	9
#3875A7	9	1.2	0.210743801652893	0.777005032575277	9
#3875A7	9	1.2	0.21238512998802	0.780073461891644	9
#3875A7	9	1.2	0.218259890591993	0.789256198347108	9
#3875A7	9	1.2	0.219926538108356	0.791497819766017	9
#3875A7	9	1.2	0.225919033856229	0.798438934802571	9
#3875A7	9	1.2	0.22910927456382	0.801678588165727	9
#3875A7	9	1.2	0.236363075534188	0.807621671258035	9
#3875A7	9	1.2	0.238292011019284	0.809067444945734	9
#3875A7	9	1.2	0.247474747474747	0.814369948384811	9
#3875A7	9	1.2	0.253623531672789	0.816804407713499	9
#3875A7	9	1.2	0.256657483930211	0.817972144828946	9
#3875A7	9	1.2	0.265840220385675	0.820141243637709	9
#3875A7	9	1.2	0.275022956841139	0.820979451248199	9
#3875A7	9	1.2	0.284205693296602	0.82058692063959	9
#3875A7	9	1.2	0.293388429752066	0.819003239468737	9
#3875A7	9	1.2	0.300666532693145	0.816804407713499	9
#3875A7	9	1.2	0.30257116620753	0.816236977124905	9
#3875A7	9	1.2	0.311753902662993	0.812343832473563	9
#3875A7	9	1.2	0.320110568872419	0.807621671258035	9
#3875A7	9	1.2	0.320936639118457	0.807140380681005	9
#3875A7	9	1.2	0.330119375573921	0.800620686130409	9
#3875A7	9	1.2	0.332730260279443	0.798438934802571	9
#3875A7	9	1.2	0.339302112029385	0.792519494492854	9
#3875A7	9	1.2	0.342514889389509	0.789256198347108	9
#3875A7	9	1.2	0.348484848484848	0.782514733160346	9
#3875A7	9	1.2	0.350486805349134	0.780073461891644	9
#3875A7	9	1.2	0.357100420786093	0.77089072543618	9
#3875A7	9	1.2	0.357667584940312	0.769989262580322	9
#3875A7	9	1.2	0.362731164912167	0.761707988980716	9
#3875A7	9	1.2	0.366850321395776	0.753560490703731	9
#3875A7	9	1.2	0.367378791302769	0.752525252525253	9
#3875A7	9	1.2	0.371380192115677	0.743342516069789	9
#3875A7	9	1.2	0.374571474035672	0.734159779614325	9
#3875A7	9	1.2	0.37603305785124	0.728841027947486	9
#3875A7	9	1.2	0.377164081344171	0.724977043158861	9
#3875A7	9	1.2	0.379214284071557	0.715794306703398	9
#3875A7	9	1.2	0.38063163029571	0.706611570247934	9
#3875A7	9	1.2	0.381450289589391	0.69742883379247	9
#3875A7	9	1.2	0.381681338991037	0.688246097337006	9
#3875A7	9	1.2	0.381313845118983	0.679063360881543	9
#3875A7	9	1.2	0.380315091876972	0.669880624426079	9
#3875A7	9	1.2	0.378629903233505	0.660697887970615	9
#3875A7	9	1.2	0.376178922976171	0.651515151515152	9
#3875A7	9	1.2	0.37603305785124	0.651093644731965	9
#3875A7	9	1.2	0.373109305695205	0.642332415059688	9
#3875A7	9	1.2	0.369106870535521	0.633149678604224	9
#3875A7	9	1.2	0.366850321395776	0.62894403287208	9
#3875A7	9	1.2	0.364127155596712	0.62396694214876	9
#3875A7	9	1.2	0.357971882208579	0.614784205693297	9
#3875A7	9	1.2	0.357667584940312	0.614388805565006	9
#3875A7	9	1.2	0.350347640389159	0.605601469237833	9
#3875A7	9	1.2	0.348484848484848	0.603652195474182	9
#3875A7	9	1.2	0.340598299675931	0.596418732782369	9
#3875A7	9	1.2	0.339302112029385	0.595342870188052	9
#3875A7	9	1.2	0.330119375573921	0.58891367161283	9
#3875A7	9	1.2	0.327067809915414	0.587235996326905	9
#3875A7	9	1.2	0.320936639118457	0.584022958494667	9
#3875A7	9	1.2	0.311753902662993	0.580525324889336	9
#3875A7	9	1.2	0.30257116620753	0.578311560331324	9
#3875A7	9	1.2	0.300289084139449	0.578053259871442	9
#3875A7	9	1.2	0.293388429752066	0.577254494061278	9
#3875A7	9	1.2	0.284205693296602	0.577383467619575	9
#3875A7	9	1.2	0.279581301818577	0.578053259871442	9
#3875A7	9	1.2	0.275022956841139	0.578692260351233	9
#3875A7	9	1.2	0.265840220385675	0.5811907535298	9
#3875A7	9	1.2	0.256657483930211	0.585036154002992	9
#3875A7	9	1.2	0.252770338810032	0.587235996326905	9
#3875A7	9	1.2	0.247474747474747	0.590334693166688	9
#3875A7	9	1.2	0.239429272260649	0.596418732782369	9
#3875A7	9	1.2	0.238292011019284	0.597339187199832	9
#3875A7	9	1.2	0.229860235094471	0.605601469237833	9
#3875A7	9	1.2	0.22910927456382	0.606417520984758	9
#3875A7	9	1.2	0.222392841669772	0.614784205693297	9
#3875A7	9	1.2	0.219926538108356	0.61831749127227	9
#3875A7	9	1.2	0.216316952400625	0.62396694214876	9
#3875A7	9	1.2	0.21135635167959	0.633149678604224	9
#3875A7	9	1.2	0.210743801652893	0.634468628642816	9
#3875A7	9	1.2	0.207219155676174	0.642332415059688	9
#3875A7	9	1.2	0.203861316146759	0.651515151515152	9
#3875A7	9	1.2	0.201561065197429	0.659350033590488	9
#3875A7	10	1.2	0.55050505050505	0.623257544010855	10
#3875A7	10	1.2	0.550328457473825	0.62396694214876	10
#3875A7	10	1.2	0.54876737842281	0.633149678604224	10
#3875A7	10	1.2	0.547959078791489	0.642332415059688	10
#3875A7	10	1.2	0.547914266958733	0.651515151515152	10
#3875A7	10	1.2	0.548667282070093	0.660697887970615	10
#3875A7	10	1.2	0.55027703440527	0.669880624426079	10
#3875A7	10	1.2	0.55050505050505	0.670735123169435	10
#3875A7	10	1.2	0.552698290494626	0.679063360881543	10
#3875A7	10	1.2	0.556088215511272	0.688246097337006	10
#3875A7	10	1.2	0.559687786960514	0.695687285522263	10
#3875A7	10	1.2	0.560556294581831	0.69742883379247	10
#3875A7	10	1.2	0.566116941848454	0.706611570247934	10
#3875A7	10	1.2	0.568870523415978	0.710433468710387	10
#3875A7	10	1.2	0.573021514728053	0.715794306703398	10
#3875A7	10	1.2	0.578053259871442	0.72146835544682	10
#3875A7	10	1.2	0.581527633842954	0.724977043158861	10
#3875A7	10	1.2	0.587235996326905	0.730215867314588	10
#3875A7	10	1.2	0.592239557625209	0.734159779614325	10
#3875A7	10	1.2	0.596418732782369	0.737255756086907	10
#3875A7	10	1.2	0.605601469237833	0.74284631309654	10
#3875A7	10	1.2	0.606636765032069	0.743342516069789	10
#3875A7	10	1.2	0.614784205693297	0.747168377432224	10
#3875A7	10	1.2	0.62396694214876	0.750248287878499	10
#3875A7	10	1.2	0.633149678604224	0.752124881409684	10
#3875A7	10	1.2	0.638636806728616	0.752525252525253	10
#3875A7	10	1.2	0.642332415059688	0.752802413050547	10
#3875A7	10	1.2	0.646707147996994	0.752525252525253	10
#3875A7	10	1.2	0.651515151515151	0.752218203264982	10
#3875A7	10	1.2	0.660697887970615	0.750284275133625	10
#3875A7	10	1.2	0.669880624426079	0.746834240631748	10
#3875A7	10	1.2	0.676183093823903	0.743342516069789	10
#3875A7	10	1.2	0.679063360881543	0.741624990360088	10
#3875A7	10	1.2	0.688246097337006	0.734290212462585	10
#3875A7	10	1.2	0.688379282893167	0.734159779614325	10
#3875A7	10	1.2	0.696752670396416	0.724977043158861	10
#3875A7	10	1.2	0.69742883379247	0.724127282716174	10
#3875A7	10	1.2	0.703164468632882	0.715794306703398	10
#3875A7	10	1.2	0.706611570247934	0.709863081384996	10
#3875A7	10	1.2	0.708332488550653	0.706611570247934	10
#3875A7	10	1.2	0.712497022646932	0.69742883379247	10
#3875A7	10	1.2	0.715794306703398	0.68853364717253	10
#3875A7	10	1.2	0.715896826311745	0.688246097337006	10
#3875A7	10	1.2	0.718658146980703	0.679063360881543	10
#3875A7	10	1.2	0.720837375380301	0.669880624426079	10
#3875A7	10	1.2	0.722486380531959	0.660697887970615	10
#3875A7	10	1.2	0.723641985864806	0.651515151515152	10
#3875A7	10	1.2	0.724328913106685	0.642332415059688	10
#3875A7	10	1.2	0.72456221066404	0.633149678604224	10
#3875A7	10	1.2	0.724349236020451	0.62396694214876	10
#3875A7	10	1.2	0.723691244062812	0.614784205693297	10
#3875A7	10	1.2	0.722584636314327	0.605601469237833	10
#3875A7	10	1.2	0.721021960555259	0.596418732782369	10
#3875A7	10	1.2	0.718992835670389	0.587235996326905	10
#3875A7	10	1.2	0.716485145134371	0.578053259871442	10
#3875A7	10	1.2	0.715794306703398	0.575793575505283	10
#3875A7	10	1.2	0.71343923293128	0.568870523415978	10
#3875A7	10	1.2	0.70980903210478	0.559687786960514	10
#3875A7	10	1.2	0.706611570247934	0.552570138510278	10
#3875A7	10	1.2	0.705485833215249	0.55050505050505	10
#3875A7	10	1.2	0.700116114724984	0.541322314049587	10
#3875A7	10	1.2	0.69742883379247	0.537046248965665	10
#3875A7	10	1.2	0.693136643146225	0.532139577594123	10
#3875A7	10	1.2	0.688246097337006	0.526765923511476	10
#3875A7	10	1.2	0.682417627268435	0.522956841138659	10
#3875A7	10	1.2	0.679063360881543	0.520690381552205	10
#3875A7	10	1.2	0.669880624426079	0.51779312866919	10
#3875A7	10	1.2	0.660697887970615	0.51741899168382	10
#3875A7	10	1.2	0.651515151515151	0.518750867582254	10
#3875A7	10	1.2	0.642332415059688	0.521425485007441	10
#3875A7	10	1.2	0.638829960190498	0.522956841138659	10
#3875A7	10	1.2	0.633149678604224	0.524950000799896	10
#3875A7	10	1.2	0.62396694214876	0.529312734252749	10
#3875A7	10	1.2	0.61929301139768	0.532139577594123	10
#3875A7	10	1.2	0.614784205693297	0.534561988043558	10
#3875A7	10	1.2	0.605601469237833	0.540735616707717	10
#3875A7	10	1.2	0.604871375851522	0.541322314049587	10
#3875A7	10	1.2	0.596418732782369	0.547849818819211	10
#3875A7	10	1.2	0.593513364438276	0.55050505050505	10
#3875A7	10	1.2	0.587235996326905	0.556300651722015	10
#3875A7	10	1.2	0.584055145610312	0.559687786960514	10
#3875A7	10	1.2	0.578053259871442	0.566450298599954	10
#3875A7	10	1.2	0.57613218129914	0.568870523415978	10
#3875A7	10	1.2	0.569498810312748	0.578053259871442	10
#3875A7	10	1.2	0.568870523415978	0.579027717934359	10
#3875A7	10	1.2	0.563944831798149	0.587235996326905	10
#3875A7	10	1.2	0.559687786960514	0.595693362793036	10
#3875A7	10	1.2	0.559334407967042	0.596418732782369	10
#3875A7	10	1.2	0.555535628483371	0.605601469237833	10
#3875A7	10	1.2	0.5525538348606	0.614784205693297	10
#3875A7	10	1.2	0.55050505050505	0.623257544010855	10
#3875A7	11	1.2	0.614784205693297	0.275892553937831	11
#3875A7	11	1.2	0.612417059925903	0.284205693296602	11
#3875A7	11	1.2	0.61036486331407	0.293388429752066	11
#3875A7	11	1.2	0.608823841611689	0.30257116620753	11
#3875A7	11	1.2	0.607764592857734	0.311753902662994	11
#3875A7	11	1.2	0.60717892988557	0.320936639118457	11
#3875A7	11	1.2	0.607076661236631	0.330119375573921	11
#3875A7	11	1.2	0.607481626086397	0.339302112029385	11
#3875A7	11	1.2	0.608426829704243	0.348484848484848	11
#3875A7	11	1.2	0.609948791739036	0.357667584940312	11
#3875A7	11	1.2	0.612081418613263	0.366850321395776	11
#3875A7	11	1.2	0.614784205693297	0.375821628589602	11
#3875A7	11	1.2	0.614855536673439	0.37603305785124	11
#3875A7	11	1.2	0.618565288311384	0.385215794306703	11
#3875A7	11	1.2	0.622943298890204	0.394398530762167	11
#3875A7	11	1.2	0.62396694214876	0.396332599195856	11
#3875A7	11	1.2	0.628389985552005	0.403581267217631	11
#3875A7	11	1.2	0.633149678604224	0.41080779225349	11
#3875A7	11	1.2	0.634678529552305	0.412764003673095	11
#3875A7	11	1.2	0.64203317147481	0.421946740128558	11
#3875A7	11	1.2	0.642332415059688	0.422326946216576	11
#3875A7	11	1.2	0.650774959762844	0.431129476584022	11
#3875A7	11	1.2	0.651515151515151	0.431951911520769	11
#3875A7	11	1.2	0.660697887970615	0.439978027758824	11
#3875A7	11	1.2	0.661218408725709	0.440312213039486	11
#3875A7	11	1.2	0.669880624426079	0.446563765549788	11
#3875A7	11	1.2	0.676191430442182	0.44949494949495	11
#3875A7	11	1.2	0.679063360881543	0.451062955989619	11
#3875A7	11	1.2	0.688246097337006	0.453320797531566	11
#3875A7	11	1.2	0.69742883379247	0.452855035774296	11
#3875A7	11	1.2	0.706611570247934	0.449578745872458	11
#3875A7	11	1.2	0.706736378603128	0.44949494949495	11
#3875A7	11	1.2	0.715794306703398	0.443582989616088	11
#3875A7	11	1.2	0.719024549676466	0.440312213039486	11
#3875A7	11	1.2	0.724977043158861	0.433935522349828	11
#3875A7	11	1.2	0.726885892456891	0.431129476584022	11
#3875A7	11	1.2	0.732566654820665	0.421946740128558	11
#3875A7	11	1.2	0.734159779614325	0.419080193457827	11
#3875A7	11	1.2	0.736975878186286	0.412764003673095	11
#3875A7	11	1.2	0.740667276990781	0.403581267217631	11
#3875A7	11	1.2	0.743342516069789	0.396321180680843	11
#3875A7	11	1.2	0.743954547302009	0.394398530762167	11
#3875A7	11	1.2	0.74682407235477	0.385215794306703	11
#3875A7	11	1.2	0.749629029044063	0.37603305785124	11
#3875A7	11	1.2	0.752433584756951	0.366850321395776	11
#3875A7	11	1.2	0.752525252525252	0.366559643572893	11
#3875A7	11	1.2	0.755108324100071	0.357667584940312	11
#3875A7	11	1.2	0.757802078124745	0.348484848484848	11
#3875A7	11	1.2	0.760479424070149	0.339302112029385	11
#3875A7	11	1.2	0.761707988980716	0.334975883442126	11
#3875A7	11	1.2	0.763013889527526	0.330119375573921	11
#3875A7	11	1.2	0.765315588660299	0.320936639118457	11
#3875A7	11	1.2	0.767327035487748	0.311753902662994	11
#3875A7	11	1.2	0.768933147510441	0.30257116620753	11
#3875A7	11	1.2	0.770013819957274	0.293388429752066	11
#3875A7	11	1.2	0.770445297790452	0.284205693296602	11
#3875A7	11	1.2	0.770098792940758	0.275022956841139	11
#3875A7	11	1.2	0.768836369616087	0.265840220385675	11
#3875A7	11	1.2	0.766504315827765	0.256657483930211	11
#3875A7	11	1.2	0.762924223671856	0.247474747474747	11
#3875A7	11	1.2	0.761707988980716	0.245180787708881	11
#3875A7	11	1.2	0.757618567983996	0.238292011019284	11
#3875A7	11	1.2	0.752525252525252	0.231727221484289	11
#3875A7	11	1.2	0.750139820120926	0.22910927456382	11
#3875A7	11	1.2	0.743342516069789	0.223016519907662	11
#3875A7	11	1.2	0.739051085451698	0.219926538108356	11
#3875A7	11	1.2	0.734159779614325	0.21689020421787	11
#3875A7	11	1.2	0.724977043158861	0.212572121157628	11
#3875A7	11	1.2	0.719362318720966	0.210743801652892	11
#3875A7	11	1.2	0.715794306703398	0.20968086783786	11
#3875A7	11	1.2	0.706611570247934	0.208066310986174	11
#3875A7	11	1.2	0.69742883379247	0.207558274296861	11
#3875A7	11	1.2	0.688246097337006	0.208127620731343	11
#3875A7	11	1.2	0.679063360881543	0.209778823424629	11
#3875A7	11	1.2	0.675824933869477	0.210743801652892	11
#3875A7	11	1.2	0.669880624426079	0.212632939691353	11
#3875A7	11	1.2	0.660697887970615	0.216765706377511	11
#3875A7	11	1.2	0.655320316961	0.219926538108356	11
#3875A7	11	1.2	0.651515151515151	0.222398887143634	11
#3875A7	11	1.2	0.643175119676805	0.22910927456382	11
#3875A7	11	1.2	0.642332415059688	0.229879400850717	11
#3875A7	11	1.2	0.634523778412633	0.238292011019284	11
#3875A7	11	1.2	0.633149678604224	0.240015593214001	11
#3875A7	11	1.2	0.627902800067279	0.247474747474747	11
#3875A7	11	1.2	0.62396694214876	0.25413366638339	11
#3875A7	11	1.2	0.622606511151167	0.256657483930211	11
#3875A7	11	1.2	0.618447700598101	0.265840220385675	11
#3875A7	11	1.2	0.615045905146074	0.275022956841139	11
#3875A7	11	1.2	0.614784205693297	0.275892553937831	11
#326A97	12	1.4	0.210743801652893	0.659765268494085	12
#326A97	12	1.4	0.210442470385117	0.660697887970615	12
#326A97	12	1.4	0.20804922547573	0.669880624426079	12
#326A97	12	1.4	0.206266999079552	0.679063360881543	12
#326A97	12	1.4	0.205039160207837	0.688246097337006	12
#326A97	12	1.4	0.204328862254827	0.69742883379247	12
#326A97	12	1.4	0.204117607986333	0.706611570247934	12
#326A97	12	1.4	0.204404724481966	0.715794306703398	12
#326A97	12	1.4	0.205207661298178	0.724977043158861	12
#326A97	12	1.4	0.206563088823799	0.734159779614325	12
#326A97	12	1.4	0.208528841194909	0.743342516069789	12
#326A97	12	1.4	0.210743801652893	0.751054994604515	12
#326A97	12	1.4	0.2111853899274	0.752525252525253	12
#326A97	12	1.4	0.214645744109516	0.761707988980716	12
#326A97	12	1.4	0.219075605689794	0.77089072543618	12
#326A97	12	1.4	0.219926538108356	0.772383163151347	12
#326A97	12	1.4	0.224884517374577	0.780073461891644	12
#326A97	12	1.4	0.22910927456382	0.785542289969182	12
#326A97	12	1.4	0.23256490281623	0.789256198347108	12
#326A97	12	1.4	0.238292011019284	0.794640058619068	12
#326A97	12	1.4	0.243561490673341	0.798438934802571	12
#326A97	12	1.4	0.247474747474747	0.80101704074923	12
#326A97	12	1.4	0.256657483930211	0.805311909386916	12
#326A97	12	1.4	0.264850384893538	0.807621671258035	12
#326A97	12	1.4	0.265840220385675	0.807892858138503	12
#326A97	12	1.4	0.275022956841139	0.80898838075845	12
#326A97	12	1.4	0.284205693296602	0.808691415608247	12
#326A97	12	1.4	0.29022581314275	0.807621671258035	12
#326A97	12	1.4	0.293388429752066	0.807066905208489	12
#326A97	12	1.4	0.30257116620753	0.804150295943456	12
#326A97	12	1.4	0.311753902662993	0.799855958996391	12
#326A97	12	1.4	0.314095059327326	0.798438934802571	12
#326A97	12	1.4	0.320936639118457	0.794096163164934	12
#326A97	12	1.4	0.327080634979719	0.789256198347108	12
#326A97	12	1.4	0.330119375573921	0.786663720186791	12
#326A97	12	1.4	0.336724041135518	0.780073461891644	12
#326A97	12	1.4	0.339302112029385	0.777194035909173	12
#326A97	12	1.4	0.34437639292259	0.77089072543618	12
#326A97	12	1.4	0.348484848484848	0.764982232706432	12
#326A97	12	1.4	0.350625756712148	0.761707988980716	12
#326A97	12	1.4	0.355753860612056	0.752525252525253	12
#326A97	12	1.4	0.357667584940312	0.74840812808614	12
#326A97	12	1.4	0.359993756422171	0.743342516069789	12
#326A97	12	1.4	0.363432374101302	0.734159779614325	12
#326A97	12	1.4	0.366106395988276	0.724977043158861	12
#326A97	12	1.4	0.366850321395776	0.721597947796516	12
#326A97	12	1.4	0.368184198137126	0.715794306703398	12
#326A97	12	1.4	0.369640585591438	0.706611570247934	12
#326A97	12	1.4	0.370458552888037	0.69742883379247	12
#326A97	12	1.4	0.370648527670666	0.688246097337006	12
#326A97	12	1.4	0.370197282100175	0.679063360881543	12
#326A97	12	1.4	0.369067911424847	0.669880624426079	12
#326A97	12	1.4	0.367198879538421	0.660697887970615	12
#326A97	12	1.4	0.366850321395776	0.659469727414247	12
#326A97	12	1.4	0.364628455976578	0.651515151515152	12
#326A97	12	1.4	0.361169811665785	0.642332415059688	12
#326A97	12	1.4	0.357667584940312	0.63511885030204	12
#326A97	12	1.4	0.356670024915347	0.633149678604224	12
#326A97	12	1.4	0.350988672691381	0.62396694214876	12
#326A97	12	1.4	0.348484848484848	0.62059127101076	12
#326A97	12	1.4	0.343692277820161	0.614784205693297	12
#326A97	12	1.4	0.339302112029385	0.610207791795949	12
#326A97	12	1.4	0.334080021008299	0.605601469237833	12
#326A97	12	1.4	0.330119375573921	0.602468497067917	12
#326A97	12	1.4	0.320936639118457	0.596738282455382	12
#326A97	12	1.4	0.320251880660489	0.596418732782369	12
#326A97	12	1.4	0.311753902662993	0.592656992016581	12
#326A97	12	1.4	0.30257116620753	0.590050850809425	12
#326A97	12	1.4	0.293388429752066	0.58880809772518	12
#326A97	12	1.4	0.284205693296602	0.588873922848701	12
#326A97	12	1.4	0.275022956841139	0.590252938899344	12
#326A97	12	1.4	0.265840220385675	0.593013821529587	12
#326A97	12	1.4	0.258473956635578	0.596418732782369	12
#326A97	12	1.4	0.256657483930211	0.597287634052564	12
#326A97	12	1.4	0.247474747474747	0.603245742225492	12
#326A97	12	1.4	0.244616271632233	0.605601469237833	12
#326A97	12	1.4	0.238292011019284	0.61128491311923	12
#326A97	12	1.4	0.235047816827907	0.614784205693297	12
#326A97	12	1.4	0.22910927456382	0.622030222179339	12
#326A97	12	1.4	0.227711972200578	0.62396694214876	12
#326A97	12	1.4	0.221926611030616	0.633149678604224	12
#326A97	12	1.4	0.219926538108356	0.63690673425786	12
#326A97	12	1.4	0.217233708563838	0.642332415059688	12
#326A97	12	1.4	0.213457578256017	0.651515151515152	12
#326A97	12	1.4	0.210743801652893	0.659765268494085	12
#326A97	13	1.4	0.568870523415978	0.60464669437596	13
#326A97	13	1.4	0.568443122216621	0.605601469237833	13
#326A97	13	1.4	0.565129504117072	0.614784205693297	13
#326A97	13	1.4	0.562706358094897	0.62396694214876	13
#326A97	13	1.4	0.561136075308658	0.633149678604224	13
#326A97	13	1.4	0.560402398658995	0.642332415059688	13
#326A97	13	1.4	0.560511228962586	0.651515151515152	13
#326A97	13	1.4	0.561490971418608	0.660697887970615	13
#326A97	13	1.4	0.563392755413514	0.669880624426079	13
#326A97	13	1.4	0.566290768227292	0.679063360881543	13
#326A97	13	1.4	0.568870523415978	0.685099841156535	13
#326A97	13	1.4	0.570294555358008	0.688246097337006	13
#326A97	13	1.4	0.575527886658974	0.69742883379247	13
#326A97	13	1.4	0.578053259871442	0.701095515633923	13
#326A97	13	1.4	0.58226962612663	0.706611570247934	13
#326A97	13	1.4	0.587235996326905	0.712210818873274	13
#326A97	13	1.4	0.590926469766753	0.715794306703398	13
#326A97	13	1.4	0.596418732782369	0.720601905627824	13
#326A97	13	1.4	0.602533557754372	0.724977043158861	13
#326A97	13	1.4	0.605601469237833	0.727031169684397	13
#326A97	13	1.4	0.614784205693297	0.731809007725403	13
#326A97	13	1.4	0.621245861869252	0.734159779614325	13
#326A97	13	1.4	0.62396694214876	0.735128763160056	13
#326A97	13	1.4	0.633149678604224	0.737032742133244	13
#326A97	13	1.4	0.642332415059688	0.737527575823055	13
#326A97	13	1.4	0.651515151515151	0.7365493436028	13
#326A97	13	1.4	0.660048446018287	0.734159779614325	13
#326A97	13	1.4	0.660697887970615	0.733967249759374	13
#326A97	13	1.4	0.669880624426079	0.729507934663011	13
#326A97	13	1.4	0.676316407977672	0.724977043158861	13
#326A97	13	1.4	0.679063360881543	0.722822833124234	13
#326A97	13	1.4	0.68599217871504	0.715794306703398	13
#326A97	13	1.4	0.688246097337006	0.713156006503754	13
#326A97	13	1.4	0.692923164008724	0.706611570247934	13
#326A97	13	1.4	0.69742883379247	0.699068489280009	13
#326A97	13	1.4	0.698298912298221	0.69742883379247	13
#326A97	13	1.4	0.70243317235285	0.688246097337006	13
#326A97	13	1.4	0.705723866362385	0.679063360881543	13
#326A97	13	1.4	0.706611570247934	0.675925226170452	13
#326A97	13	1.4	0.708244675237825	0.669880624426079	13
#326A97	13	1.4	0.710096786133741	0.660697887970615	13
#326A97	13	1.4	0.711340034375562	0.651515151515152	13
#326A97	13	1.4	0.712001259313133	0.642332415059688	13
#326A97	13	1.4	0.712092478197658	0.633149678604224	13
#326A97	13	1.4	0.71161230210806	0.62396694214876	13
#326A97	13	1.4	0.71054656054686	0.614784205693297	13
#326A97	13	1.4	0.708868072817143	0.605601469237833	13
#326A97	13	1.4	0.706611570247934	0.596702314541761	13
#326A97	13	1.4	0.706533478203305	0.596418732782369	13
#326A97	13	1.4	0.703392096046004	0.587235996326905	13
#326A97	13	1.4	0.699388079440697	0.578053259871442	13
#326A97	13	1.4	0.69742883379247	0.574235459815519	13
#326A97	13	1.4	0.69412413944391	0.568870523415978	13
#326A97	13	1.4	0.688246097337006	0.560853590482697	13
#326A97	13	1.4	0.687128156362571	0.559687786960514	13
#326A97	13	1.4	0.679063360881543	0.552199228278741	13
#326A97	13	1.4	0.676332087928643	0.55050505050505	13
#326A97	13	1.4	0.669880624426079	0.546741163634629	13
#326A97	13	1.4	0.660697887970615	0.543776796040526	13
#326A97	13	1.4	0.651515151515151	0.542740416891676	13
#326A97	13	1.4	0.642332415059688	0.543255990947549	13
#326A97	13	1.4	0.633149678604224	0.545142147097927	13
#326A97	13	1.4	0.62396694214876	0.548348685507716	13
#326A97	13	1.4	0.61963260600673	0.55050505050505	13
#326A97	13	1.4	0.614784205693297	0.552807723030901	13
#326A97	13	1.4	0.605601469237833	0.55860390552067	13
#326A97	13	1.4	0.604218574316279	0.559687786960514	13
#326A97	13	1.4	0.596418732782369	0.565943028381952	13
#326A97	13	1.4	0.593392842692323	0.568870523415978	13
#326A97	13	1.4	0.587235996326905	0.575263598883887	13
#326A97	13	1.4	0.584917250446362	0.578053259871442	13
#326A97	13	1.4	0.57813067574753	0.587235996326905	13
#326A97	13	1.4	0.578053259871442	0.587356050008041	13
#326A97	13	1.4	0.572767796681403	0.596418732782369	13
#326A97	13	1.4	0.568870523415978	0.60464669437596	13
#326A97	14	1.4	0.633149678604224	0.273584804367151	14
#326A97	14	1.4	0.632555039977818	0.275022956841139	14
#326A97	14	1.4	0.629553347986323	0.284205693296602	14
#326A97	14	1.4	0.627271967292045	0.293388429752066	14
#326A97	14	1.4	0.625649281275655	0.30257116620753	14
#326A97	14	1.4	0.624654020492183	0.311753902662994	14
#326A97	14	1.4	0.62428176837949	0.320936639118457	14
#326A97	14	1.4	0.62455056222672	0.330119375573921	14
#326A97	14	1.4	0.625494897680295	0.339302112029385	14
#326A97	14	1.4	0.62715791147707	0.348484848484848	14
#326A97	14	1.4	0.6295821943948	0.357667584940312	14
#326A97	14	1.4	0.632800331991812	0.366850321395776	14
#326A97	14	1.4	0.633149678604224	0.367666883347991	14
#326A97	14	1.4	0.637477323522116	0.37603305785124	14
#326A97	14	1.4	0.642332415059688	0.383959538462643	14
#326A97	14	1.4	0.643308996758849	0.385215794306703	14
#326A97	14	1.4	0.651253292470224	0.394398530762167	14
#326A97	14	1.4	0.651515151515151	0.394679857103077	14
#326A97	14	1.4	0.660697887970615	0.40211070844492	14
#326A97	14	1.4	0.66338791363353	0.403581267217631	14
#326A97	14	1.4	0.669880624426079	0.407090672151984	14
#326A97	14	1.4	0.679063360881543	0.409796254460345	14
#326A97	14	1.4	0.688246097337006	0.410133278747064	14
#326A97	14	1.4	0.69742883379247	0.407764864879939	14
#326A97	14	1.4	0.704363485528523	0.403581267217631	14
#326A97	14	1.4	0.706611570247934	0.402086351688275	14
#326A97	14	1.4	0.713850595919579	0.394398530762167	14
#326A97	14	1.4	0.715794306703398	0.392111520504924	14
#326A97	14	1.4	0.720134134851417	0.385215794306703	14
#326A97	14	1.4	0.724977043158861	0.376819440719323	14
#326A97	14	1.4	0.725345204313808	0.37603305785124	14
#326A97	14	1.4	0.729534368381238	0.366850321395776	14
#326A97	14	1.4	0.733572330341357	0.357667584940312	14
#326A97	14	1.4	0.734159779614325	0.356317309087099	14
#326A97	14	1.4	0.737135542050728	0.348484848484848	14
#326A97	14	1.4	0.740541243908903	0.339302112029385	14
#326A97	14	1.4	0.743342516069789	0.331424767368224	14
#326A97	14	1.4	0.743762139161377	0.330119375573921	14
#326A97	14	1.4	0.74649707171113	0.320936639118457	14
#326A97	14	1.4	0.748871648399808	0.311753902662994	14
#326A97	14	1.4	0.750741726832535	0.30257116620753	14
#326A97	14	1.4	0.751945881751144	0.293388429752066	14
#326A97	14	1.4	0.752309167191525	0.284205693296602	14
#326A97	14	1.4	0.751643792920256	0.275022956841139	14
#326A97	14	1.4	0.749746082257918	0.265840220385675	14
#326A97	14	1.4	0.746389564837563	0.256657483930211	14
#326A97	14	1.4	0.743342516069789	0.251055285874246	14
#326A97	14	1.4	0.741009480285486	0.247474747474747	14
#326A97	14	1.4	0.734159779614325	0.239741492930662	14
#326A97	14	1.4	0.732504622649487	0.238292011019284	14
#326A97	14	1.4	0.724977043158861	0.233036726523037	14
#326A97	14	1.4	0.716886082743049	0.22910927456382	14
#326A97	14	1.4	0.715794306703398	0.22865951116224	14
#326A97	14	1.4	0.706611570247934	0.226353336247363	14
#326A97	14	1.4	0.69742883379247	0.225530421271062	14
#326A97	14	1.4	0.688246097337006	0.226126684869505	14
#326A97	14	1.4	0.679063360881543	0.228120220131699	14
#326A97	14	1.4	0.676377737645968	0.22910927456382	14
#326A97	14	1.4	0.669880624426079	0.231790882273786	14
#326A97	14	1.4	0.660697887970615	0.237168616037017	14
#326A97	14	1.4	0.659208267573768	0.238292011019284	14
#326A97	14	1.4	0.651515151515151	0.245000696335126	14
#326A97	14	1.4	0.649185052134324	0.247474747474747	14
#326A97	14	1.4	0.642332415059688	0.256096274917912	14
#326A97	14	1.4	0.641948349616242	0.256657483930211	14
#326A97	14	1.4	0.636718921709187	0.265840220385675	14
#326A97	14	1.4	0.633149678604224	0.273584804367151	14
#2D5E88	15	1.6	0.219926538108356	0.659484511259939	15
#2D5E88	15	1.6	0.219494332774442	0.660697887970615	15
#2D5E88	15	1.6	0.216870431764821	0.669880624426079	15
#2D5E88	15	1.6	0.21492815139726	0.679063360881543	15
#2D5E88	15	1.6	0.213606808046429	0.688246097337006	15
#2D5E88	15	1.6	0.212867971184592	0.69742883379247	15
#2D5E88	15	1.6	0.212694003204182	0.706611570247934	15
#2D5E88	15	1.6	0.213087631766217	0.715794306703398	15
#2D5E88	15	1.6	0.214072474946687	0.724977043158861	15
#2D5E88	15	1.6	0.215694510142742	0.734159779614325	15
#2D5E88	15	1.6	0.218024552965529	0.743342516069789	15
#2D5E88	15	1.6	0.219926538108356	0.749020173820162	15
#2D5E88	15	1.6	0.221204808595079	0.752525252525253	15
#2D5E88	15	1.6	0.225441177810501	0.761707988980716	15
#2D5E88	15	1.6	0.22910927456382	0.768062183532304	15
#2D5E88	15	1.6	0.23102238095131	0.77089072543618	15
#2D5E88	15	1.6	0.238292011019284	0.779802883762675	15
#2D5E88	15	1.6	0.2385710006851	0.780073461891644	15
#2D5E88	15	1.6	0.247474747474747	0.787600127416676	15
#2D5E88	15	1.6	0.2502247068911	0.789256198347108	15
#2D5E88	15	1.6	0.256657483930211	0.792789991496109	15
#2D5E88	15	1.6	0.265840220385675	0.795929326377322	15
#2D5E88	15	1.6	0.275022956841139	0.79732821639823	15
#2D5E88	15	1.6	0.284205693296602	0.797150139311678	15
#2D5E88	15	1.6	0.293388429752066	0.795473150281232	15
#2D5E88	15	1.6	0.30257116620753	0.79229972203022	15
#2D5E88	15	1.6	0.308551006009145	0.789256198347108	15
#2D5E88	15	1.6	0.311753902662993	0.787541263126489	15
#2D5E88	15	1.6	0.320936639118457	0.781033915107446	15
#2D5E88	15	1.6	0.322049673981869	0.780073461891644	15
#2D5E88	15	1.6	0.330119375573921	0.772385167413541	15
#2D5E88	15	1.6	0.331468602651097	0.77089072543618	15
#2D5E88	15	1.6	0.338757610522741	0.761707988980716	15
#2D5E88	15	1.6	0.339302112029385	0.760914448984319	15
#2D5E88	15	1.6	0.344551737226727	0.752525252525253	15
#2D5E88	15	1.6	0.348484848484848	0.744873824745984	15
#2D5E88	15	1.6	0.349236617850021	0.743342516069789	15
#2D5E88	15	1.6	0.352979505739796	0.734159779614325	15
#2D5E88	15	1.6	0.355883819147194	0.724977043158861	15
#2D5E88	15	1.6	0.357667584940312	0.717397817334193	15
#2D5E88	15	1.6	0.35804954821607	0.715794306703398	15
#2D5E88	15	1.6	0.359557673941198	0.706611570247934	15
#2D5E88	15	1.6	0.360378951772878	0.69742883379247	15
#2D5E88	15	1.6	0.360522417622549	0.688246097337006	15
#2D5E88	15	1.6	0.359971582266491	0.679063360881543	15
#2D5E88	15	1.6	0.358684108790384	0.669880624426079	15
#2D5E88	15	1.6	0.357667584940312	0.66534881678946	15
#2D5E88	15	1.6	0.356616724089065	0.660697887970615	15
#2D5E88	15	1.6	0.353682809280156	0.651515151515152	15
#2D5E88	15	1.6	0.349719509948481	0.642332415059688	15
#2D5E88	15	1.6	0.348484848484848	0.640032006629433	15
#2D5E88	15	1.6	0.344475144283948	0.633149678604224	15
#2D5E88	15	1.6	0.339302112029385	0.625991460680147	15
#2D5E88	15	1.6	0.337616829476493	0.62396694214876	15
#2D5E88	15	1.6	0.330119375573921	0.616326276563646	15
#2D5E88	15	1.6	0.328244942506067	0.614784205693297	15
#2D5E88	15	1.6	0.320936639118457	0.609443397640587	15
#2D5E88	15	1.6	0.313752761342316	0.605601469237833	15
#2D5E88	15	1.6	0.311753902662993	0.604610465906033	15
#2D5E88	15	1.6	0.30257116620753	0.601549709853213	15
#2D5E88	15	1.6	0.293388429752066	0.600050361245277	15
#2D5E88	15	1.6	0.284205693296602	0.600043088058278	15
#2D5E88	15	1.6	0.275022956841139	0.60152717233092	15
#2D5E88	15	1.6	0.265840220385675	0.604575194588013	15
#2D5E88	15	1.6	0.263792747640238	0.605601469237833	15
#2D5E88	15	1.6	0.256657483930211	0.609372981586028	15
#2D5E88	15	1.6	0.249241080077232	0.614784205693297	15
#2D5E88	15	1.6	0.247474747474747	0.616194359755052	15
#2D5E88	15	1.6	0.239762362274341	0.62396694214876	15
#2D5E88	15	1.6	0.238292011019284	0.625652103178649	15
#2D5E88	15	1.6	0.232747244404819	0.633149678604224	15
#2D5E88	15	1.6	0.22910927456382	0.638974910719774	15
#2D5E88	15	1.6	0.227230156929177	0.642332415059688	15
#2D5E88	15	1.6	0.222918604369826	0.651515151515152	15
#2D5E88	15	1.6	0.219926538108356	0.659484511259939	15
#2D5E88	16	1.6	0.578053259871442	0.613998714549138	16
#2D5E88	16	1.6	0.577740619965817	0.614784205693297	16
#2D5E88	16	1.6	0.575024093339808	0.62396694214876	16
#2D5E88	16	1.6	0.573305872920647	0.633149678604224	16
#2D5E88	16	1.6	0.572566683233363	0.642332415059688	16
#2D5E88	16	1.6	0.572810314860607	0.651515151515152	16
#2D5E88	16	1.6	0.574063956942508	0.660697887970615	16
#2D5E88	16	1.6	0.576378194916607	0.669880624426079	16
#2D5E88	16	1.6	0.578053259871442	0.674428317217704	16
#2D5E88	16	1.6	0.579919560238476	0.679063360881543	16
#2D5E88	16	1.6	0.584826985615146	0.688246097337006	16
#2D5E88	16	1.6	0.587235996326905	0.69187415337758	16
#2D5E88	16	1.6	0.591495748678465	0.69742883379247	16
#2D5E88	16	1.6	0.596418732782369	0.702859794356938	16
#2D5E88	16	1.6	0.600578870245541	0.706611570247934	16
#2D5E88	16	1.6	0.605601469237833	0.71064833715168	16
#2D5E88	16	1.6	0.614029089903269	0.715794306703398	16
#2D5E88	16	1.6	0.614784205693297	0.716222948294751	16
#2D5E88	16	1.6	0.62396694214876	0.719852242734468	16
#2D5E88	16	1.6	0.633149678604224	0.72181425123489	16
#2D5E88	16	1.6	0.642332415059688	0.722092847253302	16
#2D5E88	16	1.6	0.651515151515151	0.720596181917094	16
#2D5E88	16	1.6	0.660697887970615	0.717150578148351	16
#2D5E88	16	1.6	0.663001565107403	0.715794306703398	16
#2D5E88	16	1.6	0.669880624426079	0.711259093852647	16
#2D5E88	16	1.6	0.674954387094675	0.706611570247934	16
#2D5E88	16	1.6	0.679063360881543	0.702225056709661	16
#2D5E88	16	1.6	0.682657238356992	0.69742883379247	16
#2D5E88	16	1.6	0.688246097337006	0.688355345951537	16
#2D5E88	16	1.6	0.688304042050273	0.688246097337006	16
#2D5E88	16	1.6	0.69234491896149	0.679063360881543	16
#2D5E88	16	1.6	0.695432062360729	0.669880624426079	16
#2D5E88	16	1.6	0.69742883379247	0.661676226028678	16
#2D5E88	16	1.6	0.697651331418883	0.660697887970615	16
#2D5E88	16	1.6	0.699024636749183	0.651515151515152	16
#2D5E88	16	1.6	0.699676402117524	0.642332415059688	16
#2D5E88	16	1.6	0.699615543896939	0.633149678604224	16
#2D5E88	16	1.6	0.698830117919409	0.62396694214876	16
#2D5E88	16	1.6	0.69742883379247	0.615603318520715	16
#2D5E88	16	1.6	0.697279313359001	0.614784205693297	16
#2D5E88	16	1.6	0.694790961398797	0.605601469237833	16
#2D5E88	16	1.6	0.691325764367727	0.596418732782369	16
#2D5E88	16	1.6	0.688246097337006	0.590109336336552	16
#2D5E88	16	1.6	0.68656079029268	0.587235996326905	16
#2D5E88	16	1.6	0.679882778017203	0.578053259871442	16
#2D5E88	16	1.6	0.679063360881543	0.577090060777207	16
#2D5E88	16	1.6	0.669880624426079	0.569125314492586	16
#2D5E88	16	1.6	0.669439584993008	0.568870523415978	16
#2D5E88	16	1.6	0.660697887970615	0.564317537244985	16
#2D5E88	16	1.6	0.651515151515151	0.5618761166599	16
#2D5E88	16	1.6	0.642332415059688	0.561350897850175	16
#2D5E88	16	1.6	0.633149678604224	0.562503789521432	16
#2D5E88	16	1.6	0.62396694214876	0.565244350163927	16
#2D5E88	16	1.6	0.616308546932229	0.568870523415978	16
#2D5E88	16	1.6	0.614784205693297	0.569605489227463	16
#2D5E88	16	1.6	0.605601469237833	0.575770025467764	16
#2D5E88	16	1.6	0.602948896553397	0.578053259871442	16
#2D5E88	16	1.6	0.596418732782369	0.58418724640485	16
#2D5E88	16	1.6	0.593746179365023	0.587235996326905	16
#2D5E88	16	1.6	0.587235996326905	0.595781191537868	16
#2D5E88	16	1.6	0.5868146304025	0.596418732782369	16
#2D5E88	16	1.6	0.581693586485215	0.605601469237833	16
#2D5E88	16	1.6	0.578053259871442	0.613998714549138	16
#2D5E88	17	1.6	0.651515151515151	0.282482027070079	17
#2D5E88	17	1.6	0.650824883267515	0.284205693296602	17
#2D5E88	17	1.6	0.648240560819436	0.293388429752066	17
#2D5E88	17	1.6	0.646628484179241	0.30257116620753	17
#2D5E88	17	1.6	0.645962437814187	0.311753902662994	17
#2D5E88	17	1.6	0.646252905586332	0.320936639118457	17
#2D5E88	17	1.6	0.647538225676544	0.330119375573921	17
#2D5E88	17	1.6	0.64987121645696	0.339302112029385	17
#2D5E88	17	1.6	0.651515151515151	0.343791711269671	17
#2D5E88	17	1.6	0.653938057227418	0.348484848484848	17
#2D5E88	17	1.6	0.660163378621471	0.357667584940312	17
#2D5E88	17	1.6	0.660697887970615	0.358319459073581	17
#2D5E88	17	1.6	0.669880624426079	0.365110663054015	17
#2D5E88	17	1.6	0.676207029362286	0.366850321395776	17
#2D5E88	17	1.6	0.679063360881543	0.367562192068998	17
#2D5E88	17	1.6	0.683893811120813	0.366850321395776	17
#2D5E88	17	1.6	0.688246097337006	0.366151111666002	17
#2D5E88	17	1.6	0.69742883379247	0.360775894314056	17
#2D5E88	17	1.6	0.700522540689187	0.357667584940312	17
#2D5E88	17	1.6	0.706611570247934	0.351167434259849	17
#2D5E88	17	1.6	0.708421212085508	0.348484848484848	17
#2D5E88	17	1.6	0.71431451572158	0.339302112029385	17
#2D5E88	17	1.6	0.715794306703398	0.336854042358574	17
#2D5E88	17	1.6	0.719036620149613	0.330119375573921	17
#2D5E88	17	1.6	0.723081394205809	0.320936639118457	17
#2D5E88	17	1.6	0.724977043158861	0.315939568482384	17
#2D5E88	17	1.6	0.726309283382857	0.311753902662994	17
#2D5E88	17	1.6	0.728524586277508	0.30257116620753	17
#2D5E88	17	1.6	0.729803930238842	0.293388429752066	17
#2D5E88	17	1.6	0.729858854584116	0.284205693296602	17
#2D5E88	17	1.6	0.728361215522442	0.275022956841139	17
#2D5E88	17	1.6	0.724977043158861	0.265928549473131	17
#2D5E88	17	1.6	0.724933015916953	0.265840220385675	17
#2D5E88	17	1.6	0.717417086742375	0.256657483930211	17
#2D5E88	17	1.6	0.715794306703398	0.255277815442232	17
#2D5E88	17	1.6	0.706611570247934	0.25035352485806	17
#2D5E88	17	1.6	0.69742883379247	0.248299431578238	17
#2D5E88	17	1.6	0.688246097337006	0.248836708165675	17
#2D5E88	17	1.6	0.679063360881543	0.251759259962937	17
#2D5E88	17	1.6	0.670383113698908	0.256657483930211	17
#2D5E88	17	1.6	0.669880624426079	0.257005744951787	17
#2D5E88	17	1.6	0.660905954253966	0.265840220385675	17
#2D5E88	17	1.6	0.660697887970615	0.266099513131029	17
#2D5E88	17	1.6	0.655104168508983	0.275022956841139	17
#2D5E88	17	1.6	0.651515151515151	0.282482027070079	17
#27547A	18	1.8	0.22910927456382	0.659543504418594	18
#27547A	18	1.8	0.228647511735402	0.660697887970615	18
#27547A	18	1.8	0.225712593228189	0.669880624426079	18
#27547A	18	1.8	0.223553212270916	0.679063360881543	18
#27547A	18	1.8	0.222103486462657	0.688246097337006	18
#27547A	18	1.8	0.221323026266207	0.69742883379247	18
#27547A	18	1.8	0.2211954841575	0.706611570247934	18
#27547A	18	1.8	0.221728307433035	0.715794306703398	18
#27547A	18	1.8	0.222953626955295	0.724977043158861	18
#27547A	18	1.8	0.224930295026488	0.734159779614325	18
#27547A	18	1.8	0.227747172663297	0.743342516069789	18
#27547A	18	1.8	0.22910927456382	0.746765440721523	18
#27547A	18	1.8	0.231725016249381	0.752525252525253	18
#27547A	18	1.8	0.237062916029399	0.761707988980716	18
#27547A	18	1.8	0.238292011019284	0.76346337438756	18
#27547A	18	1.8	0.244768334040093	0.77089072543618	18
#27547A	18	1.8	0.247474747474747	0.773522471633766	18
#27547A	18	1.8	0.256657483930211	0.780005161759205	18
#27547A	18	1.8	0.256806892952459	0.780073461891644	18
#27547A	18	1.8	0.265840220385675	0.783828728152197	18
#27547A	18	1.8	0.275022956841139	0.785620987880511	18
#27547A	18	1.8	0.284205693296602	0.785588140257894	18
#27547A	18	1.8	0.293388429752066	0.783831150821002	18
#27547A	18	1.8	0.30257116620753	0.780361445334804	18
#27547A	18	1.8	0.30309250649307	0.780073461891644	18
#27547A	18	1.8	0.311753902662993	0.77494379109961	18
#27547A	18	1.8	0.316894528616104	0.77089072543618	18
#27547A	18	1.8	0.320936639118457	0.767348927060578	18
#27547A	18	1.8	0.326195098514147	0.761707988980716	18
#27547A	18	1.8	0.330119375573921	0.756847826439963	18
#27547A	18	1.8	0.333158857804248	0.752525252525253	18
#27547A	18	1.8	0.338562623154921	0.743342516069789	18
#27547A	18	1.8	0.339302112029385	0.741818245027867	18
#27547A	18	1.8	0.342739925500182	0.734159779614325	18
#27547A	18	1.8	0.34595413773694	0.724977043158861	18
#27547A	18	1.8	0.348325651664097	0.715794306703398	18
#27547A	18	1.8	0.348484848484848	0.714884322751849	18
#27547A	18	1.8	0.349910698056745	0.706611570247934	18
#27547A	18	1.8	0.35074464220293	0.69742883379247	18
#27547A	18	1.8	0.350834653045329	0.688246097337006	18
#27547A	18	1.8	0.350159669676248	0.679063360881543	18
#27547A	18	1.8	0.348670009433999	0.669880624426079	18
#27547A	18	1.8	0.348484848484848	0.669144973405394	18
#27547A	18	1.8	0.346258155407565	0.660697887970615	18
#27547A	18	1.8	0.342811105830153	0.651515151515152	18
#27547A	18	1.8	0.339302112029385	0.644481295094688	18
#27547A	18	1.8	0.338097876675719	0.642332415059688	18
#27547A	18	1.8	0.331652470971945	0.633149678604224	18
#27547A	18	1.8	0.330119375573921	0.631335366336838	18
#27547A	18	1.8	0.322509303374917	0.62396694214876	18
#27547A	18	1.8	0.320936639118457	0.622652787639642	18
#27547A	18	1.8	0.311753902662993	0.616825210785883	18
#27547A	18	1.8	0.306867328332553	0.614784205693297	18
#27547A	18	1.8	0.30257116620753	0.61313241519128	18
#27547A	18	1.8	0.293388429752066	0.611320235210963	18
#27547A	18	1.8	0.284205693296602	0.611219293772599	18
#27547A	18	1.8	0.275022956841139	0.612820758966433	18
#27547A	18	1.8	0.269630061842165	0.614784205693297	18
#27547A	18	1.8	0.265840220385675	0.616245072565759	18
#27547A	18	1.8	0.256657483930211	0.621730839259597	18
#27547A	18	1.8	0.253897326919521	0.62396694214876	18
#27547A	18	1.8	0.247474747474747	0.62978797439947	18
#27547A	18	1.8	0.244513733964685	0.633149678604224	18
#27547A	18	1.8	0.238292011019284	0.641382589931849	18
#27547A	18	1.8	0.237678481026229	0.642332415059688	18
#27547A	18	1.8	0.232632035889973	0.651515151515152	18
#27547A	18	1.8	0.22910927456382	0.659543504418594	18
#27547A	19	1.8	0.587235996326905	0.627561531021568	19
#27547A	19	1.8	0.586054902830163	0.633149678604224	19
#27547A	19	1.8	0.585271475312085	0.642332415059688	19
#27547A	19	1.8	0.585655272928889	0.651515151515152	19
#27547A	19	1.8	0.587232557557434	0.660697887970615	19
#27547A	19	1.8	0.587235996326905	0.660709394028903	19
#27547A	19	1.8	0.590354135651637	0.669880624426079	19
#27547A	19	1.8	0.594914611572532	0.679063360881543	19
#27547A	19	1.8	0.596418732782369	0.681403455488077	19
#27547A	19	1.8	0.601779242661667	0.688246097337006	19
#27547A	19	1.8	0.605601469237833	0.692259379288395	19
#27547A	19	1.8	0.612114735804268	0.69742883379247	19
#27547A	19	1.8	0.614784205693297	0.699284568315975	19
#27547A	19	1.8	0.62396694214876	0.703584744828421	19
#27547A	19	1.8	0.633149678604224	0.705748081087804	19
#27547A	19	1.8	0.642332415059688	0.705750399319073	19
#27547A	19	1.8	0.651515151515151	0.703464100573415	19
#27547A	19	1.8	0.660697887970615	0.698652488903872	19
#27547A	19	1.8	0.662238495466601	0.69742883379247	19
#27547A	19	1.8	0.669880624426079	0.69023703259217	19
#27547A	19	1.8	0.671465938133476	0.688246097337006	19
#27547A	19	1.8	0.677402113741646	0.679063360881543	19
#27547A	19	1.8	0.679063360881543	0.675715554050441	19
#27547A	19	1.8	0.681490892570265	0.669880624426079	19
#27547A	19	1.8	0.684237376870423	0.660697887970615	19
#27547A	19	1.8	0.685948789786627	0.651515151515152	19
#27547A	19	1.8	0.686671998200704	0.642332415059688	19
#27547A	19	1.8	0.686415476636111	0.633149678604224	19
#27547A	19	1.8	0.685148765234798	0.62396694214876	19
#27547A	19	1.8	0.682798524537221	0.614784205693297	19
#27547A	19	1.8	0.679240008699453	0.605601469237833	19
#27547A	19	1.8	0.679063360881543	0.60525151395615	19
#27547A	19	1.8	0.673499092904193	0.596418732782369	19
#27547A	19	1.8	0.669880624426079	0.591963425296547	19
#27547A	19	1.8	0.664500853981345	0.587235996326905	19
#27547A	19	1.8	0.660697887970615	0.584443259753664	19
#27547A	19	1.8	0.651515151515151	0.580391063472588	19
#27547A	19	1.8	0.642332415059688	0.578844342387512	19
#27547A	19	1.8	0.633149678604224	0.579480476114932	19
#27547A	19	1.8	0.62396694214876	0.582158583828311	19
#27547A	19	1.8	0.614784205693297	0.586879244161306	19
#27547A	19	1.8	0.614297495406351	0.587235996326905	19
#27547A	19	1.8	0.605601469237833	0.594341555831085	19
#27547A	19	1.8	0.603650240339231	0.596418732782369	19
#27547A	19	1.8	0.596418732782369	0.605550285866555	19
#27547A	19	1.8	0.596385262772552	0.605601469237833	19
#27547A	19	1.8	0.591563020303898	0.614784205693297	19
#27547A	19	1.8	0.588087913151712	0.62396694214876	19
#27547A	19	1.8	0.587235996326905	0.627561531021568	19
#22496B	20	2	0.238292011019284	0.660691209661811	20
#22496B	20	2	0.238288939066754	0.660697887970615	20
#22496B	20	2	0.234912362143659	0.669880624426079	20
#22496B	20	2	0.232443149347051	0.679063360881543	20
#22496B	20	2	0.230808566675167	0.688246097337006	20
#22496B	20	2	0.229965896871918	0.69742883379247	20
#22496B	20	2	0.229901065821615	0.706611570247934	20
#22496B	20	2	0.230628728709979	0.715794306703398	20
#22496B	20	2	0.232193771636842	0.724977043158861	20
#22496B	20	2	0.234674281741452	0.734159779614325	20
#22496B	20	2	0.238186145505565	0.743342516069789	20
#22496B	20	2	0.238292011019284	0.743561055599509	20
#22496B	20	2	0.24354771235515	0.752525252525253	20
#22496B	20	2	0.247474747474747	0.757810356388852	20
#22496B	20	2	0.251332850911469	0.761707988980716	20
#22496B	20	2	0.256657483930211	0.766226697642592	20
#22496B	20	2	0.265177623259085	0.77089072543618	20
#22496B	20	2	0.265840220385675	0.771211991136299	20
#22496B	20	2	0.275022956841139	0.773498644802657	20
#22496B	20	2	0.284205693296602	0.773652210827049	20
#22496B	20	2	0.293388429752066	0.771803893776691	20
#22496B	20	2	0.295611397978283	0.77089072543618	20
#22496B	20	2	0.30257116620753	0.76780830268811	20
#22496B	20	2	0.311604802721113	0.761707988980716	20
#22496B	20	2	0.311753902662993	0.76159509925655	20
#22496B	20	2	0.320788002586182	0.752525252525253	20
#22496B	20	2	0.320936639118457	0.752350588377238	20
#22496B	20	2	0.327259668710475	0.743342516069789	20
#22496B	20	2	0.330119375573921	0.738337043616046	20
#22496B	20	2	0.33222463836402	0.734159779614325	20
#22496B	20	2	0.335879297557299	0.724977043158861	20
#22496B	20	2	0.338564024463494	0.715794306703398	20
#22496B	20	2	0.339302112029385	0.712006270819068	20
#22496B	20	2	0.340296491497633	0.706611570247934	20
#22496B	20	2	0.341157446960777	0.69742883379247	20
#22496B	20	2	0.341182244228289	0.688246097337006	20
#22496B	20	2	0.340343195302394	0.679063360881543	20
#22496B	20	2	0.339302112029385	0.673582811725642	20
#22496B	20	2	0.33854021105304	0.669880624426079	20
#22496B	20	2	0.335595954422019	0.660697887970615	20
#22496B	20	2	0.331415668207963	0.651515151515152	20
#22496B	20	2	0.330119375573921	0.649299691180966	20
#22496B	20	2	0.325266359192881	0.642332415059688	20
#22496B	20	2	0.320936639118457	0.637352321818895	20
#22496B	20	2	0.316160266819895	0.633149678604224	20
#22496B	20	2	0.311753902662993	0.629852732360711	20
#22496B	20	2	0.30257116620753	0.625246401172929	20
#22496B	20	2	0.297645216475556	0.62396694214876	20
#22496B	20	2	0.293388429752066	0.62295797380682	20
#22496B	20	2	0.284205693296602	0.622732644032226	20
#22496B	20	2	0.277671539979095	0.62396694214876	20
#22496B	20	2	0.275022956841139	0.624500227869424	20
#22496B	20	2	0.265840220385675	0.628492686466485	20
#22496B	20	2	0.259009359362005	0.633149678604224	20
#22496B	20	2	0.256657483930211	0.634959884884907	20
#22496B	20	2	0.249590643336094	0.642332415059688	20
#22496B	20	2	0.247474747474747	0.644939809600713	20
#22496B	20	2	0.243150393811083	0.651515151515152	20
#22496B	20	2	0.238292011019284	0.660691209661811	20
#22496B	21	2	0.605601469237833	0.620230320320009	21
#22496B	21	2	0.603830948521424	0.62396694214876	21
#22496B	21	2	0.601123571970027	0.633149678604224	21
#22496B	21	2	0.600091907818441	0.642332415059688	21
#22496B	21	2	0.600743930460362	0.651515151515152	21
#22496B	21	2	0.603106087635749	0.660697887970615	21
#22496B	21	2	0.605601469237833	0.666315122208014	21
#22496B	21	2	0.607690911849056	0.669880624426079	21
#22496B	21	2	0.614784205693297	0.678463354955936	21
#22496B	21	2	0.61554386516576	0.679063360881543	21
#22496B	21	2	0.62396694214876	0.68438803226241	21
#22496B	21	2	0.633149678604224	0.687087909248289	21
#22496B	21	2	0.642332415059688	0.686652276987	21
#22496B	21	2	0.651515151515151	0.682901740747567	21
#22496B	21	2	0.656392171989391	0.679063360881543	21
#22496B	21	2	0.660697887970615	0.674691544383407	21
#22496B	21	2	0.663951968794754	0.669880624426079	21
#22496B	21	2	0.668350000773588	0.660697887970615	21
#22496B	21	2	0.669880624426079	0.655422382271359	21
#22496B	21	2	0.670789842602365	0.651515151515152	21
#22496B	21	2	0.671600760162375	0.642332415059688	21
#22496B	21	2	0.671075752475547	0.633149678604224	21
#22496B	21	2	0.669880624426079	0.627365229789484	21
#22496B	21	2	0.668988236155068	0.62396694214876	21
#22496B	21	2	0.664719295777846	0.614784205693297	21
#22496B	21	2	0.660697887970615	0.60895689330903	21
#22496B	21	2	0.657188083073375	0.605601469237833	21
#22496B	21	2	0.651515151515151	0.601480196479248	21
#22496B	21	2	0.642332415059688	0.598340574291129	21
#22496B	21	2	0.633149678604224	0.598419365497416	21
#22496B	21	2	0.62396694214876	0.601475308894093	21
#22496B	21	2	0.617635422942373	0.605601469237833	21
#22496B	21	2	0.614784205693297	0.60787231722213	21
#22496B	21	2	0.608966773661824	0.614784205693297	21
#22496B	21	2	0.605601469237833	0.620230320320009	21
#1D3E5D	22	2.2	0.247474747474747	0.664151364150215	22
#1D3E5D	22	2.2	0.244982016269604	0.669880624426079	22
#1D3E5D	22	2.2	0.242049206782606	0.679063360881543	22
#1D3E5D	22	2.2	0.240137388206033	0.688246097337006	22
#1D3E5D	22	2.2	0.239201565682068	0.69742883379247	22
#1D3E5D	22	2.2	0.239232371586769	0.706611570247934	22
#1D3E5D	22	2.2	0.240256812509968	0.715794306703398	22
#1D3E5D	22	2.2	0.242340901128691	0.724977043158861	22
#1D3E5D	22	2.2	0.245594308108	0.734159779614325	22
#1D3E5D	22	2.2	0.247474747474747	0.738041943726648	22
#1D3E5D	22	2.2	0.250789097775739	0.743342516069789	22
#1D3E5D	22	2.2	0.256657483930211	0.750555083872012	22
#1D3E5D	22	2.2	0.259038621359599	0.752525252525253	22
#1D3E5D	22	2.2	0.265840220385675	0.757183118478605	22
#1D3E5D	22	2.2	0.275022956841139	0.760404136572939	22
#1D3E5D	22	2.2	0.284205693296602	0.760846236539605	22
#1D3E5D	22	2.2	0.293388429752066	0.758721047501749	22
#1D3E5D	22	2.2	0.30257116620753	0.754092016522089	22
#1D3E5D	22	2.2	0.304619725104581	0.752525252525253	22
#1D3E5D	22	2.2	0.311753902662993	0.746231348114092	22
#1D3E5D	22	2.2	0.314229083912095	0.743342516069789	22
#1D3E5D	22	2.2	0.320725146776976	0.734159779614325	22
#1D3E5D	22	2.2	0.320936639118457	0.733783962961894	22
#1D3E5D	22	2.2	0.325068003165614	0.724977043158861	22
#1D3E5D	22	2.2	0.328222845594703	0.715794306703398	22
#1D3E5D	22	2.2	0.330119375573921	0.707365346262275	22
#1D3E5D	22	2.2	0.330272041516625	0.706611570247934	22
#1D3E5D	22	2.2	0.331179698259135	0.69742883379247	22
#1D3E5D	22	2.2	0.331116826473105	0.688246097337006	22
#1D3E5D	22	2.2	0.330119375573921	0.679685613283691	22
#1D3E5D	22	2.2	0.33003729496838	0.679063360881543	22
#1D3E5D	22	2.2	0.327635562672363	0.669880624426079	22
#1D3E5D	22	2.2	0.323878322984596	0.660697887970615	22
#1D3E5D	22	2.2	0.320936639118457	0.655494805531637	22
#1D3E5D	22	2.2	0.318077935908564	0.651515151515152	22
#1D3E5D	22	2.2	0.311753902662993	0.644682932189344	22
#1D3E5D	22	2.2	0.308578472182168	0.642332415059688	22
#1D3E5D	22	2.2	0.30257116620753	0.638624317200369	22
#1D3E5D	22	2.2	0.293388429752066	0.635615263802581	22
#1D3E5D	22	2.2	0.284205693296602	0.63517470356789	22
#1D3E5D	22	2.2	0.275022956841139	0.637239471833008	22
#1D3E5D	22	2.2	0.265840220385675	0.641874996516621	22
#1D3E5D	22	2.2	0.265252539599065	0.642332415059688	22
#1D3E5D	22	2.2	0.256657483930211	0.650114660225666	22
#1D3E5D	22	2.2	0.255509695389829	0.651515151515152	22
#1D3E5D	22	2.2	0.249302350523345	0.660697887970615	22
#1D3E5D	22	2.2	0.247474747474747	0.664151364150215	22
#1D3E5D	23	2.2	0.62396694214876	0.64080067432641	23
#1D3E5D	23	2.2	0.623641502749865	0.642332415059688	23
#1D3E5D	23	2.2	0.62396694214876	0.644262189243194	23
#1D3E5D	23	2.2	0.62677856387621	0.651515151515152	23
#1D3E5D	23	2.2	0.633149678604224	0.656603817762844	23
#1D3E5D	23	2.2	0.642332415059688	0.654305166286205	23
#1D3E5D	23	2.2	0.644478914697982	0.651515151515152	23
#1D3E5D	23	2.2	0.64682774164112	0.642332415059688	23
#1D3E5D	23	2.2	0.644382703777469	0.633149678604224	23
#1D3E5D	23	2.2	0.642332415059688	0.630622553796522	23
#1D3E5D	23	2.2	0.633149678604224	0.628789686606696	23
#1D3E5D	23	2.2	0.62757952540826	0.633149678604224	23
#1D3E5D	23	2.2	0.62396694214876	0.64080067432641	23
#183450	24	2.4	0.256657483930211	0.670549373454222	24
#183450	24	2.4	0.253257708602823	0.679063360881543	24
#183450	24	2.4	0.250907460000163	0.688246097337006	24
#183450	24	2.4	0.24983211857551	0.69742883379247	24
#183450	24	2.4	0.250033720154392	0.706611570247934	24
#183450	24	2.4	0.251563846400248	0.715794306703398	24
#183450	24	2.4	0.25452866307403	0.724977043158861	24
#183450	24	2.4	0.256657483930211	0.729361707579713	24
#183450	24	2.4	0.259988714491785	0.734159779614325	24
#183450	24	2.4	0.265840220385675	0.740355343524703	24
#183450	24	2.4	0.27106497096055	0.743342516069789	24
#183450	24	2.4	0.275022956841139	0.745170970322092	24
#183450	24	2.4	0.284205693296602	0.746040022288413	24
#183450	24	2.4	0.293388429752066	0.743725394272768	24
#183450	24	2.4	0.29404779941185	0.743342516069789	24
#183450	24	2.4	0.30257116620753	0.737509112852791	24
#183450	24	2.4	0.305738614471562	0.734159779614325	24
#183450	24	2.4	0.311753902662993	0.726171425806367	24
#183450	24	2.4	0.31243740989806	0.724977043158861	24
#183450	24	2.4	0.316341261278847	0.715794306703398	24
#183450	24	2.4	0.318860328979573	0.706611570247934	24
#183450	24	2.4	0.32001527568364	0.69742883379247	24
#183450	24	2.4	0.3197778215561	0.688246097337006	24
#183450	24	2.4	0.318067324649492	0.679063360881543	24
#183450	24	2.4	0.314745383987962	0.669880624426079	24
#183450	24	2.4	0.311753902662993	0.664434323379554	24
#183450	24	2.4	0.308857696812963	0.660697887970615	24
#183450	24	2.4	0.30257116620753	0.654705583806205	24
#183450	24	2.4	0.29643715009439	0.651515151515152	24
#183450	24	2.4	0.293388429752066	0.650229595608126	24
#183450	24	2.4	0.284205693296602	0.649470099379041	24
#183450	24	2.4	0.276176049031555	0.651515151515152	24
#183450	24	2.4	0.275022956841139	0.651859860835944	24
#183450	24	2.4	0.265840220385675	0.658278330313359	24
#183450	24	2.4	0.263628968850347	0.660697887970615	24
#183450	24	2.4	0.257011604598306	0.669880624426079	24
#183450	24	2.4	0.256657483930211	0.670549373454222	24
#132B43	25	2.6	0.265840220385675	0.686334856735434	25
#132B43	25	2.6	0.265193715269567	0.688246097337006	25
#132B43	25	2.6	0.263915930536092	0.69742883379247	25
#132B43	25	2.6	0.264498053373789	0.706611570247934	25
#132B43	25	2.6	0.265840220385675	0.71151012985528	25
#132B43	25	2.6	0.267839601197209	0.715794306703398	25
#132B43	25	2.6	0.275022956841139	0.724139477058745	25
#132B43	25	2.6	0.277734775525323	0.724977043158861	25
#132B43	25	2.6	0.284205693296602	0.726376459132177	25
#132B43	25	2.6	0.288341679637464	0.724977043158861	25
#132B43	25	2.6	0.293388429752066	0.722709316375279	25
#132B43	25	2.6	0.299434253276133	0.715794306703398	25
#132B43	25	2.6	0.30257116620753	0.710213170980407	25
#132B43	25	2.6	0.303866979228393	0.706611570247934	25
#132B43	25	2.6	0.305246168616725	0.69742883379247	25
#132B43	25	2.6	0.304627648438421	0.688246097337006	25
#132B43	25	2.6	0.30257116620753	0.681375712452886	25
#132B43	25	2.6	0.301394343565271	0.679063360881543	25
#132B43	25	2.6	0.293388429752066	0.67053262524665	25
#132B43	25	2.6	0.290896409094051	0.669880624426079	25
#132B43	25	2.6	0.284205693296602	0.668657719689153	25
#132B43	25	2.6	0.280802209944658	0.669880624426079	25
#132B43	25	2.6	0.275022956841139	0.672677629089885	25
#132B43	25	2.6	0.269692421942484	0.679063360881543	25
#132B43	25	2.6	0.265840220385675	0.686334856735434	25
